uta	att
4	0.117836257
6	0.105916306
7	0.098124098
8	0.096783626
9	0.105387205
10	0.120467836
11	0.128362573
12	0.112573099
14	0.144152047
15	0.098124098
18	0.130994152
19	0.130994152
20	0.115204678
21	0.113708514
22	0.091520468
23	0.092740741
24	0.091520468
27	0.134487734
28	0.107309942
30	0.092929293
31	0.087734488
32	0.082539683
33	0.096783626
34	0.102046784
35	0.134487734
37	0.09033189
39	0.165204678
40	0.085137085
41	0.099415205
42	0.094152047
43	0.175730994
44	0.146783626
46	0.124098124
47	0.105916306
48	0.10994152
49	0.107309942
51	0.087407407
53	0.117836257
54	0.138888889
55	0.13625731
56	0.10994152
57	0.115204678
58	0.112573099
59	0.138888889
60	0.113708514
61	0.115204678
62	0.10994152
63	0.138888889
64	0.129292929
65	0.105916306
66	0.107309942
67	0.07994228
68	0.07994228
69	0.099415205
70	0.204678363
71	0.133625731
72	0.083625731
73	0.128362573
74	0.123099415
75	0.118903319
76	0.098124098
77	0.098124098
78	0.137891738
80	0.077344877
81	0.123099415
82	0.125730994
83	0.13968254
84	0.13968254
85	0.144152047
86	0.113708514
87	0.108513709
88	0.128362573
89	0.104678363
90	0.152046784
91	0.10968661
92	0.15994152
93	0.112250712
94	0.144152047
95	0.098074074
96	0.173448773
97	0.13968254
98	0.165204678
99	0.138888889
100	0.087734488
101	0.111111111
102	0.089173789
103	0.075730994
104	0.112573099
105	0.133625731
106	0.165656566
107	0.230994152
108	0.175730994
109	0.096783626
110	0.115204678
111	0.115204678
112	0.125730994
113	0.099415205
114	0.07994228
115	0.124098124
116	0.08625731
117	0.094152047
118	0.107309942
119	0.094152047
120	0.071225071
121	0.117836257
122	0.125730994
123	0.125730994
124	0.100721501
125	0.098124098
126	0.102046784
127	0.085137085
128	0.142279942
129	0.111407407
130	0.125730994
132	0.173099415
133	0.116305916
134	0.157309942
136	0.107309942
137	0.121500722
139	0.157864358
140	0.07994228
141	0.117836257
142	0.108513709
143	0.10994152
144	0.087734488
145	0.099382716
146	0.102046784
147	0.092929293
148	0.095526696
149	0.112573099
151	0.08625731
152	0.099415205
154	0.155266955
156	0.135690236
157	0.183838384
158	0.165204678
160	0.089514867
161	0.154678363
163	0.129292929
164	0.133625731
165	0.125071225
166	0.099430199
168	0.125730994
169	0.117836257
170	0.144152047
171	0.128362573
172	0.107309942
173	0.118903319
174	0.10994152
175	0.09033189
176	0.107309942
177	0.104678363
178	0.10994152
179	0.104678363
180	0.117836257
181	0.09033189
182	0.162573099
183	0.091520468
184	0.099415205
185	0.099415205
186	0.096783626
187	0.107309942
188	0.146783626
189	0.100721501
190	0.104678363
191	0.107309942
192	0.133625731
193	0.105916306
195	0.087734488
197	0.116305916
198	0.078362573
200	0.099415205
201	0.133625731
202	0.117836257
203	0.121500722
205	0.088888889
206	0.080994152
208	0.141520468
209	0.147474747
211	0.102046784
212	0.20981241
214	0.099415205
215	0.189033189
216	0.091520468
218	0.13625731
219	0.132740741
221	0.126695527
222	0.091520468
223	0.116305916
224	0.100721501
225	0.126695527
226	0.091737892
227	0.084045584
228	0.130994152
229	0.116305916
231	0.088888889
232	0.117378917
233	0.088888889
234	0.124098124
235	0.07994228
235.1	0.077344877
236	0.089173789
237	0.084045584
238	0.107309942
240	0.120467836
241	0.120467836
242	0.127635328
243	0.126695527
244	0.134487734
245	0.138888889
246	0.163059163
247	0.08625731
248	0.117836257
249	0.114930556
250	0.112573099
251	0.090074074
252	0.094152047
253	0.094152047
254	0.098124098
255	0.144152047
256	0.096866097
256.1	0.091737892
258	0.100721501
259	0.168253968
262	0.133625731
263	0.127635328
264	0.088888889
265	0.103318903
266	0.104558405
267	0.178362573
268	0.117836257
269	0.092929293
270	0.123099415
271	0.107309942
272	0.130994152
273	0.116305916
274	0.088888889
275	0.120467836
276	0.07994228
276.1	0.07994228
277	0.107309942
278	0.111111111
279	0.146783626
280	0.173099415
281	0.13625731
282	0.162573099
283	0.112573099
284	0.125730994
285	0.145584046
286	0.141520468
287	0.152046784
288	0.09033189
289	0.123099415
290	0.152046784
291	0.154678363
292	0.112573099
293	0.091291291
294	0.103318903
295	0.128362573
296	0.082539683
297	0.074747475
298	0.13625731
299	0.117836257
300	0.096783626
301	0.142279942
302	0.145584046
303	0.102046784
304	0.103318903
305	0.09033189
306	0.07994228
307	0.087734488
308	0.096783626
309	0.091520468
310	0.104678363
311	0.157309942
312	0.126695527
313	0.082539683
314	0.08625731
316	0.094152047
318	0.094301994
320	0.128362573
321	0.117836257
323	0.099415205
325	0.098124098
326	0.096783626
327	0.098124098
328	0.080994152
329	0.085137085
330	0.08625731
331	0.088888889
332	0.101994302
333	0.10994152
334	0.138888889
335	0.083625731
336	0.108740741
337	0.133625731
338	0.098124098
339	0.103318903
340	0.09033189
341	0.092929293
342	0.082539683
343	0.107309942
344	0.138888889
345	0.100721501
346	0.107309942
347	0.09033189
348	0.091520468
349	0.089173789
350	0.094152047
351	0.104678363
352	0.122074074
353	0.15994152
354	0.152669553
355	0.104678363
356	0.098124098
357	0.07994228
358	0.085137085
359	0.121500722
360	0.103318903
361	0.133625731
362	0.080994152
363	0.088888889
364	0.124098124
365	0.194152047
367	0.116305916
368	0.08625731
369	0.137085137
370	0.099415205
371	0.111111111
373	0.167836257
374	0.125730994
375	0.152046784
376	0.100721501
377	0.105916306
378	0.092929293
380	0.09033189
381	0.111111111
383	0.10994152
384	0.098171589
385	0.099415205
386	0.103318903
387	0.09033189
389	0.15994152
390	0.116305916
391	0.167836257
392	0.091520468
393	0.117836257
394	0.130994152
395	0.098124098
396	0.134487734
397	0.130994152
398	0.089173789
399	0.077344877
400	0.081481481
401	0.162573099
402	0.121500722
403	0.100721501
404	0.13625731
405	0.112250712
406	0.08625731
407	0.103318903
408	0.088888889
409	0.091520468
410	0.081481481
411	0.102046784
412	0.133625731
413	0.117378917
414	0.202046784
415	0.10968661
416	0.104678363
417	0.120467836
418	0.138888889
419	0.094152047
421	0.133625731
422	0.126695527
424	0.108513709
425	0.092929293
426	0.146783626
427	0.108513709
428	0.186435786
429	0.194152047
430	0.115204678
432	0.128362573
433	0.129292929
434	0.09033189
435	0.096783626
436	0.082539683
437	0.09033189
438	0.09033189
439	0.099415205
440	0.102046784
441	0.091737892
442	0.112573099
444	0.111111111
445	0.130994152
446	0.113708514
447	0.082539683
448	0.108513709
449	0.10994152
450	0.112573099
451	0.094152047
452	0.08625731
453	0.083625731
454	0.102046784
455	0.08625731
456	0.120467836
457	0.112573099
458	0.116305916
459	0.104558405
461	0.095526696
462	0.123099415
463	0.118903319
464	0.07994228
465	0.075730994
467	0.108513709
468	0.126695527
469	0.094152047
470	0.09033189
471	0.104678363
472	0.099415205
473	0.146783626
474	0.114814815
476	0.111111111
477	0.168253968
479	0.082539683
480	0.112250712
482	0.101994302
483	0.117836257
484	0.112573099
486	0.126695527
487	0.116305916
488	0.088888889
489	0.102046784
490	0.085137085
491	0.085137085
492	0.092929293
493	0.105916306
494	0.098124098
495	0.178643579
496	0.103318903
497	0.080994152
498	0.096783626
499	0.10968661
500	0.107309942
501	0.130994152
502	0.152669553
503	0.099430199
504	0.092929293
505	0.100721501
506	0.103318903
507	0.08625731
508	0.098124098
510	0.08625731
511	0.18625731
512	0.108513709
513	0.111111111
514	0.098124098
515	0.112573099
516	0.098124098
517	0.112250712
518	0.125730994
519	0.103318903
520	0.112573099
521	0.133625731
522	0.10968661
523	0.108513709
524	0.083625731
525	0.092929293
526	0.094152047
527	0.08045007
528	0.095526696
530	0.117836257
531	0.145584046
532	0.128362573
533	0.091520468
535	0.09033189
536	0.118903319
537	0.107309942
538	0.077344877
539	0.084045584
540	0.09033189
541	0.09033189
542	0.128362573
544	0.15007215
545	0.154678363
547	0.088888889
548	0.103407407
549	0.082539683
550	0.089173789
551	0.104678363
552	0.080994152
553	0.091520468
554	0.091520468
555	0.123099415
556	0.088888889
557	0.094152047
558	0.131890332
559	0.095526696
560	0.083625731
561	0.117836257
562	0.115204678
563	0.111111111
564	0.115204678
565	0.095526696
566	0.104678363
567	0.148740741
568	0.080994152
569	0.074747475
570	0.165204678
571	0.121500722
572	0.120467836
573	0.108513709
574	0.126695527
575	0.130994152
576	0.162573099
577	0.096783626
578	0.094152047
579	0.096783626
580	0.170467836
581	0.087734488
582	0.087734488
583	0.094152047
584	0.105916306
585	0.108298172
586	0.082539683
587	0.102046784
588	0.141520468
589	0.083625731
590	0.094152047
591	0.08625731
592	0.105916306
593	0.123099415
594	0.10994152
595	0.092929293
596	0.123099415
597	0.088888889
598	0.080994152
599	0.120467836
600	0.07994228
601	0.116305916
602	0.162573099
603	0.083625731
604	0.07994228
605	0.08625731
606	0.07994228
607	0.077344877
608	0.111111111
609	0.082539683
610	0.108513709
611	0.076353276
612	0.085137085
613	0.075730994
614	0.092929293
615	0.07994228
616	0.080994152
617	0.120467836
618	0.130994152
620	0.098124098
621	0.09033189
622	0.088888889
623	0.098124098
624	0.081481481
625	0.115204678
626	0.112573099
627	0.117378917
628	0.121500722
629	0.107309942
630	0.078362573
631	0.083625731
632	0.096866097
633	0.075730994
634	0.094152047
635	0.126695527
636	0.088888889
637	0.094152047
638	0.099415205
639	0.094152047
640	0.144152047
641	0.094301994
642	0.083625731
643	0.09033189
644	0.087734488
645	0.102046784
646	0.091520468
647	0.07994228
648	0.08625731
649	0.105916306
650	0.112573099
651	0.096783626
652	0.118903319
653	0.088888889
654	0.09033189
655	0.085079365
656	0.077344877
657	0.074747475
658	0.075730994
659	0.075386779
660	0.091737892
661	0.09033189
662	0.133625731
663	0.144152047
664	0.088888889
665	0.121500722
666	0.085137085
667	0.094301994
668	0.124098124
669	0.143019943
670	0.165204678
671	0.113708514
672	0.094152047
673	0.074747475
674	0.082981716
675	0.103318903
676	0.08625731
677	0.102046784
678	0.118903319
679	0.091737892
680	0.094152047
681	0.083625731
682	0.085137085
683	0.104678363
684	0.08045007
685	0.104678363
686	0.078362573
687	0.088888889
688	0.123099415
689	0.104678363
690	0.096783626
691	0.098124098
692	0.077344877
693	0.104678363
694	0.102046784
695	0.108513709
696	0.099415205
697	0.096783626
698	0.099415205
699	0.121500722
700	0.141520468
701	0.082539683
702	0.103318903
703	0.078362573
704	0.080994152
705	0.083625731
706	0.094152047
707	0.088888889
708	0.09033189
709	0.13625731
710	0.13625731
711	0.105766526
712	0.13968254
713	0.088888889
714	0.074747475
715	0.125730994
716	0.083625731
717	0.082539683
718	0.088888889
719	0.094152047
720	0.085137085
721	0.15994152
722	0.082539683
724	0.083625731
725	0.137891738
726	0.082981716
727	0.072150072
728	0.126695527
729	0.112573099
730	0.091520468
731	0.102046784
732	0.091520468
733	0.091520468
734	0.112573099
735	0.146783626
736	0.134487734
737	0.121500722
738	0.082539683
739	0.092929293
740	0.08625731
741	0.098124098
742	0.083625731
743	0.13625731
744	0.09033189
745	0.088888889
746	0.087734488
747	0.085137085
748	0.07994228
749	0.082539683
750	0.094152047
751	0.075730994
752	0.108513709
753	0.080994152
754	0.126695527
755	0.104678363
756	0.083625731
757	0.089173789
758	0.128362573
759	0.113708514
760	0.099415205
761	0.103318903
762	0.121500722
763	0.091520468
764	0.104678363
765	0.125730994
766	0.102046784
767	0.096783626
768	0.082539683
769	0.129292929
770	0.081481481
771	0.099415205
772	0.086609687
773	0.10994152
774	0.120467836
775	0.083625731
776	0.113708514
777	0.152046784
778	0.107309942
779	0.133625731
780	0.108513709
781	0.115204678
782	0.096783626
783	0.095526696
784	0.085137085
785	0.095639944
786	0.088888889
787	0.115204678
788	0.086609687
789	0.112573099
790	0.13019943
791	0.166096866
792	0.103318903
793	0.094152047
795	0.143019943
796	0.094152047
797	0.094152047
798	0.096783626
799	0.094152047
801	0.133625731
803	0.099415205
805	0.075730994
806	0.10994152
807	0.096783626
808	0.096783626
809	0.085137085
810	0.105916306
811	0.092929293
812	0.087734488
814	0.096783626
815	0.096783626
816	0.083625731
817	0.083625731
818	0.149415205
819	0.082539683
820	0.078362573
821	0.08625731
822	0.107309942
823	0.175730994
824	0.091520468
825	0.096783626
826	0.141520468
827	0.125730994
828	0.075730994
829	0.07994228
830	0.078362573
831	0.08625731
832	0.082539683
833	0.115204678
834	0.120467836
835	0.08625731
836	0.07994228
837	0.130994152
838	0.10994152
839	0.088888889
840	0.094152047
841	0.088888889
842	0.091520468
843	0.083625731
844	0.08625731
845	0.096783626
846	0.120467836
847	0.08625731
848	0.096783626
849	0.083625731
850	0.077344877
851	0.075730994
852	0.09033189
853	0.121500722
854	0.086609687
855	0.102046784
856	0.099415205
857	0.120467836
858	0.083625731
859	0.104678363
860	0.115204678
861	0.120467836
862	0.107309942
863	0.095526696
864	0.088888889
865	0.107309942
866	0.112573099
867	0.130994152
868	0.141520468
869	0.125730994
870	0.130994152
871	0.173099415
872	0.144152047
873	0.107309942
874	0.094152047
875	0.105916306
876	0.123099415
877	0.125730994
878	0.085137085
879	0.112573099
880	0.094152047
881	0.104678363
882	0.10994152
883	0.118903319
884	0.099415205
885	0.107309942
887	0.112573099
888	0.13625731
889	0.089173789
890	0.124098124
891	0.099415205
893	0.100721501
895	0.120467836
896	0.091520468
898	0.115204678
899	0.103318903
900	0.125730994
901	0.123099415
902	0.091520468
903	0.095526696
905	0.125730994
906	0.094152047
908	0.102046784
909	0.108513709
910	0.095526696
911	0.091520468
912	0.088888889
914	0.105916306
915	0.088888889
916	0.091520468
918	0.120467836
919	0.134487734
921	0.088888889
922	0.082539683
924	0.154678363
925	0.137085137
927	0.157864358
929	0.078362573
930	0.098124098
932	0.117836257
934	0.089173789
936	0.117836257
937	0.107309942
939	0.091520468
940	0.098124098
941	0.125730994
943	0.098124098
944	0.128362573
945	0.104678363
947	0.089173789
949	0.087734488
950	0.160968661
951	0.115204678
952	0.115204678
953	0.15994152
954	0.165656566
955	0.120467836
956	0.124098124
957	0.123099415
958	0.120467836
959	0.107309942
960	0.104678363
961	0.10994152
962	0.157864358
964	0.121500722
965	0.09033189
966	0.10994152
967	0.157864358
968	0.154678363
969	0.120467836
970	0.102160494
972	0.107122507
974	0.103318903
975	0.095526696
976	0.104678363
977	0.128362573
978	0.103318903
979	0.086609687
980	0.204678363
981	0.146783626
982	0.123099415
983	0.117836257
984	0.091520468
985	0.10994152
986	0.128362573
987	0.13968254
988	0.113708514
989	0.091520468
990	0.138888889
991	0.094152047
992	0.083625731
993	0.142279942
994	0.152046784
995	0.088888889
996	0.09033189
997	0.107309942
998	0.128362573
999	0.091737892
1000	0.118903319
1001	0.08625731
1002	0.170851371
1003	0.08625731
1004	0.078362573
1006	0.128362573
1007	0.094301994
1008	0.157309942
1009	0.080994152
1010	0.137085137
1011	0.085137085
1012	0.13625731
1013	0.08625731
1014	0.08625731
1015	0.100721501
1016	0.107309942
1017	0.157309942
1023	0.098124098
1024	0.099415205
1025	0.088888889
1026	0.105766526
1027	0.078362573
1028	0.13625731
1029	0.104678363
1030	0.115204678
1031	0.105916306
1032	0.117836257
1033	0.09033189
1034	0.089173789
1035	0.095526696
1036	0.088888889
1037	0.115204678
1038	0.111111111
1039	0.13625731
1040	0.133625731
1041	0.096783626
1042	0.107309942
1043	0.103318903
1044	0.088888889
1045	0.08625731
1046	0.088888889
1048	0.098124098
1049	0.10994152
1051	0.08625731
1052	0.154678363
1054	0.125730994
1055	0.115204678
1056	0.134487734
1057	0.157309942
1058	0.141520468
1060	0.091520468
1061	0.096783626
1063	0.08625731
1064	0.183625731
1066	0.094152047
1067	0.107309942
1068	0.092929293
1069	0.10994152
1070	0.111111111
1071	0.157309942
1072	0.113708514
1073	0.152046784
1074	0.124098124
1075	0.123099415
1076	0.154678363
1077	0.147474747
1078	0.126695527
1079	0.096783626
1080	0.125730994
1081	0.098124098
1082	0.107309942
1083	0.129292929
1084	0.146783626
1085	0.15007215
1086	0.099415205
1087	0.087734488
1088	0.154678363
1089	0.07994228
1090	0.104678363
1091	0.083625731
1092	0.112573099
1093	0.148740741
1094	0.151407407
1095	0.144152047
1096	0.099415205
1097	0.11994302
1098	0.113361463
1099	0.202046784
1100	0.123099415
1101	0.121500722
1102	0.130994152
1103	0.085137085
1104	0.113708514
1105	0.098124098
1106	0.117836257
1107	0.08625731
1108	0.088888889
1109	0.112573099
1110	0.120467836
1111	0.09033189
1112	0.08625731
1113	0.094301994
1114	0.083625731
1115	0.104678363
1116	0.112573099
1117	0.094152047
1118	0.096783626
1119	0.128362573
1120	0.112573099
1121	0.149415205
1122	0.13625731
1123	0.094152047
1124	0.128362573
1125	0.215204678
1126	0.099415205
1127	0.101994302
1128	0.113708514
1129	0.152046784
1130	0.138888889
1131	0.099415205
1132	0.073789174
1133	0.080994152
1134	0.078362573
1135	0.096783626
1136	0.099415205
1137	0.083625731
1138	0.087734488
1139	0.094152047
1140	0.194152047
1141	0.091520468
1142	0.104678363
1143	0.087734488
1144	0.112573099
1145	0.095526696
1146	0.094152047
1147	0.112250712
1148	0.102046784
1149	0.099430199
1150	0.091520468
1151	0.088888889
1152	0.087734488
1153	0.107309942
1154	0.141520468
1155	0.086609687
1156	0.120467836
1157	0.103318903
1158	0.104678363
1159	0.096783626
1160	0.102046784
1161	0.088888889
1162	0.15994152
1163	0.087734488
1164	0.118903319
1165	0.138888889
1166	0.102046784
1167	0.112573099
1168	0.091737892
1169	0.105916306
1170	0.115204678
1171	0.087734488
1172	0.120467836
1173	0.098124098
1174	0.120467836
1175	0.178643579
1176	0.126695527
1177	0.092929293
1178	0.10994152
1179	0.104678363
1180	0.099415205
1181	0.165204678
1182	0.083625731
1183	0.083625731
1184	0.094152047
1185	0.128362573
1186	0.080994152
1187	0.098124098
1188	0.126695527
1189	0.104678363
1190	0.08625731
1191	0.14374121
1192	0.146783626
1193	0.162573099
1194	0.173099415
1195	0.180994152
1196	0.102046784
1197	0.089173789
1198	0.144152047
1199	0.091520468
1200	0.095526696
1201	0.07994228
1202	0.085137085
1203	0.116305916
1204	0.100721501
1205	0.094152047
1206	0.08625731
1207	0.10994152
1208	0.152046784
1209	0.141520468
1210	0.120467836
1211	0.098124098
1212	0.124098124
1213	0.095526696
1214	0.180994152
1215	0.105916306
1216	0.08625731
1217	0.091520468
1218	0.099430199
1219	0.125071225
1220	0.117836257
1221	0.126695527
1222	0.111111111
1223	0.08625731
1224	0.117836257
1225	0.115204678
1226	0.149415205
1227	0.08625731
1228	0.107309942
1229	0.087734488
1230	0.099415205
1231	0.149415205
1232	0.09033189
1233	0.134487734
1234	0.10994152
1235	0.10994152
1236	0.07994228
1237	0.123099415
1238	0.087734488
1239	0.095526696
1240	0.131890332
1241	0.154678363
1242	0.167836257
1243	0.102046784
1244	0.13968254
1245	0.107122507
1246	0.148148148
1247	0.115204678
1248	0.094152047
1249	0.102046784
1250	0.123099415
1251	0.10994152
1252	0.104678363
1253	0.099415205
1254	0.085137085
1255	0.085137085
1256	0.103318903
1257	0.121500722
1258	0.094301994
1259	0.125730994
1260	0.098124098
1261	0.13625731
1262	0.196783626
1263	0.165204678
1264	0.11994302
1265	0.13625731
1266	0.088888889
1268	0.131890332
1269	0.149415205
1270	0.173099415
1271	0.111111111
1296	0.107309942
1297	0.094152047
1298	0.08625731
1299	0.094152047
1300	0.091520468
1301	0.094152047
1302	0.095526696
1303	0.100721501
1304	0.138888889
1305	0.112250712
1306	0.128362573
1307	0.084045584
1308	0.095526696
1309	0.107122507
1310	0.099415205
1311	0.07994228
1312	0.080994152
1313	0.10994152
1314	0.108513709
1315	0.099415205
1316	0.105916306
1317	0.112573099
1318	0.09033189
1319	0.112573099
1320	0.116305916
1321	0.102046784
1322	0.09033189
1323	0.080994152
1324	0.101994302
1325	0.141520468
1326	0.112573099
1327	0.094152047
1328	0.099415205
1329	0.157309942
1330	0.162573099
1331	0.112573099
1332	0.183625731
1333	0.152046784
1334	0.130994152
1335	0.142279942
1336	0.10994152
1337	0.128362573
1338	0.088888889
1339	0.091520468
1340	0.152669553
1341	0.096783626
1342	0.120467836
1343	0.088888889
1344	0.167836257
1345	0.126695527
1346	0.112573099
1347	0.120467836
1348	0.118903319
1349	0.108513709
1350	0.108513709
1351	0.099415205
1352	0.104678363
1353	0.125730994
1354	0.120467836
1355	0.10994152
1356	0.099415205
1357	0.108513709
1358	0.08625731
1359	0.13625731
1360	0.120467836
1361	0.102046784
1362	0.100721501
1363	0.099415205
1364	0.092929293
1365	0.08625731
1366	0.099415205
1367	0.149415205
1368	0.09033189
1369	0.096783626
1370	0.096783626
1371	0.102046784
1372	0.096783626
1373	0.142279942
1374	0.104678363
1375	0.092929293
1376	0.191407407
1377	0.125071225
1378	0.115204678
1379	0.09033189
1380	0.113708514
1381	0.099415205
1382	0.09033189
1383	0.100721501
1384	0.100721501
1385	0.122507123
1386	0.099415205
1387	0.144152047
1388	0.080994152
1389	0.085137085
1390	0.087734488
1391	0.091520468
1392	0.096783626
1393	0.113708514
1394	0.085137085
1395	0.080994152
1396	0.117836257
1397	0.098124098
1398	0.078362573
1399	0.075730994
1400	0.096783626
1401	0.100721501
1402	0.104678363
1404	0.10994152
1405	0.113708514
1406	0.103318903
1407	0.183838384
1408	0.147474747
1409	0.107309942
1410	0.102046784
1411	0.095526696
1412	0.115204678
1413	0.102046784
1414	0.104678363
1415	0.217836257
1416	0.252046784
1417	0.126695527
1418	0.098124098
1419	0.183625731
1420	0.083625731
1421	0.120467836
1422	0.180994152
1423	0.102046784
1424	0.104678363
1425	0.15994152
1426	0.07994228
1427	0.146783626
1430	0.094152047
1431	0.107309942
1432	0.094152047
1433	0.096783626
1434	0.094152047
1435	0.173099415
1436	0.103318903
1437	0.133625731
1438	0.113708514
1439	0.147474747
1440	0.111111111
1441	0.10994152
1442	0.128362573
1443	0.121500722
1444	0.108513709
1445	0.088888889
1446	0.141520468
1447	0.144152047
1448	0.08625731
1449	0.096783626
1450	0.111111111
1451	0.157864358
1452	0.091520468
1454	0.108513709
1455	0.094152047
1456	0.104678363
1457	0.091520468
1458	0.088888889
1459	0.077344877
1460	0.138888889
1461	0.080994152
1462	0.094152047
1463	0.102046784
1464	0.13625731
1465	0.146783626
1466	0.183625731
1467	0.125730994
1468	0.099415205
1469	0.163059163
1470	0.162573099
1471	0.078362573
1472	0.115204678
1473	0.092929293
1474	0.162573099
1475	0.10994152
1476	0.116305916
1477	0.15994152
1478	0.102046784
1479	0.130994152
1480	0.111111111
1481	0.09033189
1482	0.096783626
1483	0.094152047
1484	0.117836257
1485	0.123099415
1486	0.096783626
1487	0.117836257
1488	0.123099415
1489	0.094152047
1490	0.123099415
1491	0.10994152
1492	0.076353276
1493	0.102046784
1494	0.180994152
1495	0.162573099
1496	0.08625731
1497	0.165204678
1498	0.096783626
1499	0.104678363
1500	0.099415205
1501	0.095526696
1502	0.132740741
1503	0.100721501
1504	0.08625731
1505	0.108513709
1506	0.120467836
1508	0.07994228
1509	0.091520468
1510	0.081481481
1511	0.167836257
1512	0.088888889
1513	0.117378917
1514	0.105916306
1515	0.123099415
1516	0.115204678
1517	0.148740741
1518	0.080994152
1519	0.133625731
1521	0.102046784
1522	0.094152047
1523	0.112573099
1524	0.096783626
1525	0.084045584
1526	0.10994152
1527	0.10994152
1528	0.117836257
1529	0.087734488
1530	0.102046784
1531	0.10994152
1532	0.08625731
1533	0.095526696
1534	0.099415205
1535	0.099415205
1536	0.121500722
1537	0.102046784
1539	0.104678363
1540	0.087734488
1541	0.141520468
1542	0.07994228
1543	0.168660969
1544	0.096783626
1545	0.10994152
1546	0.124098124
1548	0.09033189
1550	0.13625731
1551	0.146783626
1552	0.13625731
1553	0.126695527
1554	0.128362573
1555	0.113708514
1556	0.098124098
1557	0.088888889
1558	0.083625731
1559	0.078362573
1560	0.095281583
1561	0.230994152
1562	0.129292929
1563	0.102046784
1564	0.092929293
1565	0.088888889
1566	0.120467836
1567	0.098124098
1568	0.149415205
1569	0.104678363
1570	0.125730994
1571	0.146783626
1572	0.096783626
1573	0.092929293
1574	0.095526696
1575	0.092929293
1576	0.113708514
1577	0.091520468
1578	0.088888889
1579	0.09033189
1580	0.10994152
1581	0.091520468
1582	0.082539683
1583	0.094152047
1584	0.118903319
1585	0.115204678
1586	0.100721501
1587	0.188888889
1588	0.120467836
1589	0.083625731
1590	0.183625731
1591	0.098124098
1592	0.104558405
1593	0.149415205
1594	0.118903319
1595	0.082539683
1596	0.100721501
1597	0.087734488
1598	0.125730994
1599	0.111111111
1600	0.157309942
1601	0.085137085
1602	0.202046784
1603	0.20994152
1604	0.146783626
1605	0.096783626
1606	0.08625731
1607	0.107309942
1608	0.074747475
1609	0.112573099
1611	0.18625731
1612	0.118903319
1613	0.128362573
1614	0.141520468
1615	0.09033189
1616	0.08625731
1617	0.088888889
1618	0.096783626
1619	0.116305916
1620	0.103318903
1621	0.09033189
1622	0.112573099
1623	0.096783626
1624	0.10994152
1625	0.09033189
1626	0.096783626
1627	0.091520468
1628	0.078362573
1630	0.112573099
1631	0.094152047
1632	0.176046176
1633	0.104678363
1634	0.120467836
1635	0.11994302
1636	0.103318903
1637	0.096783626
1638	0.126695527
1639	0.099415205
1640	0.096783626
1641	0.107309942
1642	0.099415205
1643	0.096783626
1644	0.104678363
1645	0.107309942
1646	0.149415205
1647	0.083625731
1648	0.083625731
1649	0.091520468
1650	0.091520468
1651	0.08625731
1652	0.099415205
1653	0.098124098
1654	0.128362573
1655	0.120467836
1656	0.07994228
1657	0.149415205
1658	0.082539683
1659	0.099430199
1660	0.078362573
1661	0.099415205
1662	0.092929293
1663	0.10994152
1664	0.154678363
1665	0.088888889
1666	0.173099415
1667	0.094152047
1668	0.103318903
1669	0.087734488
1670	0.107309942
1671	0.08625731
1672	0.113708514
1673	0.083625731
1674	0.146783626
1675	0.094152047
1676	0.194152047
1677	0.10994152
1678	0.14045584
1679	0.204617605
1680	0.130994152
1681	0.15994152
1682	0.149415205
1683	0.102046784
1684	0.13968254
1685	0.112573099
1686	0.117836257
1687	0.212573099
1688	0.083625731
1689	0.108513709
1690	0.095526696
1691	0.149415205
1692	0.095526696
1693	0.104678363
1694	0.133625731
1695	0.103318903
1696	0.095526696
1697	0.108513709
1698	0.104678363
1699	0.096783626
1700	0.105916306
1701	0.104678363
1702	0.105916306
1703	0.125730994
1704	0.133625731
1705	0.133625731
1706	0.141520468
1707	0.133625731
1708	0.180994152
1709	0.117836257
1710	0.096783626
1711	0.095526696
1712	0.120467836
1713	0.165656566
1714	0.138888889
1715	0.117836257
1716	0.112573099
1717	0.107309942
1718	0.094152047
1719	0.123099415
1720	0.125730994
1721	0.113708514
1722	0.09033189
1723	0.091520468
1724	0.080994152
1725	0.082539683
1726	0.10994152
1727	0.088888889
1728	0.125730994
1729	0.082539683
1730	0.191520468
1731	0.118903319
1732	0.130994152
1733	0.094152047
1734	0.123099415
1735	0.082539683
1736	0.111111111
1737	0.099415205
1739	0.108513709
1741	0.107309942
1743	0.124098124
1745	0.123099415
1746	0.117836257
1748	0.104678363
1750	0.121500722
1752	0.087734488
1754	0.10994152
1756	0.130994152
1758	0.120467836
1760	0.087407407
1762	0.215204678
1763	0.165204678
1765	0.091520468
1766	0.078917379
1767	0.123099415
1768	0.092929293
1769	0.096783626
1770	0.095407407
1771	0.16046176
1772	0.10994152
1773	0.13625731
1774	0.100721501
1775	0.094152047
1776	0.146783626
1777	0.099430199
1778	0.157864358
1779	0.10994152
1781	0.083625731
1782	0.115204678
1783	0.15007215
1784	0.08625731
1786	0.144152047
1788	0.116305916
1789	0.095526696
1791	0.094152047
1793	0.117836257
1794	0.120467836
1795	0.146783626
1796	0.128362573
1797	0.113708514
1798	0.117836257
1799	0.112573099
1802	0.099415205
1803	0.104678363
1805	0.080994152
1806	0.16046176
1808	0.142279942
1810	0.133625731
1811	0.103318903
1812	0.149415205
1813	0.113708514
1814	0.115204678
1815	0.167836257
1816	0.165204678
1817	0.174382716
1818	0.173099415
1819	0.115204678
1820	0.105916306
1821	0.112573099
1822	0.178362573
1823	0.10994152
1824	0.212573099
1825	0.10994152
1826	0.141520468
1827	0.191630592
1828	0.204678363
1829	0.173099415
1830	0.124098124
1831	0.170467836
1832	0.141520468
1833	0.095526696
1834	0.102046784
1835	0.08625731
1836	0.144152047
1837	0.154678363
1838	0.08045007
1839	0.149415205
1840	0.107309942
1841	0.096783626
1842	0.163059163
1843	0.157309942
1844	0.180994152
1845	0.149415205
1846	0.117836257
1847	0.112573099
1848	0.149415205
1849	0.130994152
1850	0.120467836
1851	0.112573099
1852	0.105916306
1853	0.099415205
1854	0.102046784
1855	0.083625731
1856	0.091520468
1857	0.088888889
1858	0.107309942
1859	0.144152047
1860	0.099415205
1861	0.128362573
1862	0.120467836
1863	0.103318903
1864	0.202046784
1865	0.188888889
1866	0.099415205
1867	0.107309942
1868	0.101994302
1869	0.091520468
1870	0.102046784
1871	0.094152047
1872	0.123099415
1873	0.120467836
1874	0.141520468
1875	0.202046784
1876	0.167836257
1877	0.091520468
1878	0.100721501
1879	0.096783626
1880	0.094152047
1881	0.125730994
1882	0.103318903
1883	0.113708514
1884	0.125730994
1885	0.094152047
1886	0.100721501
1889	0.080994152
1890	0.115204678
1891	0.104678363
1892	0.115204678
1893	0.123099415
1894	0.113708514
1895	0.116305916
1896	0.096783626
1897	0.108513709
1898	0.117836257
1899	0.123099415
1900	0.130994152
1901	0.098124098
1902	0.112573099
1903	0.120467836
1904	0.098124098
1905	0.08625731
1906	0.078362573
1907	0.098124098
1908	0.103318903
1909	0.141520468
1910	0.141520468
1911	0.104678363
1912	0.155266955
1913	0.133625731
1914	0.096783626
1915	0.102046784
1916	0.099415205
1917	0.088888889
1918	0.08625731
1919	0.115204678
1920	0.123099415
1921	0.099415205
1922	0.096783626
1923	0.152046784
1924	0.107309942
1925	0.099415205
1926	0.128362573
1927	0.111111111
1928	0.083625731
1929	0.094152047
1930	0.133625731
1931	0.07994228
1932	0.10994152
1933	0.130994152
1934	0.111111111
1935	0.152046784
1936	0.111111111
1938	0.183625731
1939	0.157309942
1940	0.23625731
1941	0.191630592
1942	0.115204678
1943	0.102046784
1944	0.130994152
1945	0.191520468
1946	0.10994152
1947	0.10994152
1948	0.13625731
1949	0.10994152
1950	0.104678363
1951	0.133625731
1952	0.127407407
1953	0.142279942
1954	0.092929293
1955	0.112573099
1956	0.134487734
1957	0.153276353
1958	0.112573099
1959	0.130994152
1960	0.107309942
1961	0.102046784
1962	0.112573099
1963	0.128362573
1964	0.092929293
1965	0.107309942
1966	0.087734488
1967	0.098124098
1968	0.099415205
1969	0.08625731
1970	0.107309942
1971	0.098124098
1972	0.094152047
1973	0.078362573
1974	0.112573099
1975	0.098124098
1976	0.112573099
1977	0.128362573
1978	0.115204678
1979	0.120467836
1980	0.133625731
1981	0.138888889
1982	0.099415205
1983	0.128362573
1984	0.096783626
1985	0.101994302
1986	0.112573099
1987	0.09033189
1988	0.102046784
1989	0.08625731
1990	0.080994152
1991	0.104678363
1992	0.102046784
1993	0.105916306
1994	0.104678363
1995	0.108513709
1996	0.112573099
1997	0.120467836
1998	0.107309942
1999	0.120467836
2000	0.10994152
2001	0.117836257
2002	0.105916306
2003	0.088888889
2004	0.118903319
2005	0.111111111
2006	0.144152047
2007	0.098124098
2008	0.130994152
2009	0.078362573
2010	0.133625731
2011	0.126695527
2012	0.099415205
2013	0.128362573
2014	0.123099415
2015	0.085137085
2016	0.085137085
2017	0.088888889
2018	0.096783626
2019	0.083625731
2020	0.084045584
2021	0.142279942
2022	0.102046784
2023	0.105916306
2024	0.111111111
2025	0.082539683
2026	0.112573099
2027	0.120467836
2028	0.095526696
2029	0.096866097
2030	0.111111111
2031	0.106074074
2032	0.104678363
2033	0.102592593
2034	0.112573099
2035	0.168253968
2036	0.081481481
2037	0.130994152
2038	0.099415205
2039	0.081481481
2040	0.10994152
2041	0.104678363
2042	0.091520468
2043	0.096783626
2044	0.100721501
2045	0.083625731
2046	0.102046784
2047	0.087734488
2048	0.078362573
2049	0.098124098
2050	0.10994152
2051	0.138888889
2052	0.094152047
2053	0.088888889
2054	0.099415205
2055	0.094152047
2056	0.113708514
2057	0.091520468
2058	0.100721501
2059	0.088888889
2060	0.113708514
2061	0.091520468
2062	0.092929293
2063	0.094152047
2064	0.091520468
2065	0.116305916
2066	0.111407407
2067	0.085137085
2068	0.104678363
2069	0.091520468
2070	0.105916306
2071	0.107309942
2072	0.105916306
2073	0.128362573
2074	0.083625731
2075	0.15007215
2076	0.10994152
2077	0.103318903
2078	0.099415205
2079	0.094152047
2080	0.104678363
2081	0.115204678
2082	0.107309942
2083	0.117836257
2084	0.083625731
2085	0.083625731
2086	0.142279942
2087	0.099415205
2088	0.10968661
2090	0.10994152
2091	0.095526696
2093	0.102046784
2094	0.103318903
2095	0.104678363
2096	0.094152047
2097	0.098124098
2098	0.173099415
2099	0.102046784
2100	0.098124098
2101	0.105916306
2102	0.112573099
2103	0.115204678
2104	0.134487734
2105	0.10994152
2106	0.08625731
2107	0.094152047
2108	0.082539683
2109	0.095526696
2110	0.085137085
2111	0.124098124
2112	0.085137085
2113	0.099382716
2114	0.088888889
2115	0.094152047
2116	0.096783626
2117	0.077344877
2118	0.152669553
2119	0.075730994
2120	0.085137085
2121	0.088888889
2122	0.082539683
2123	0.095526696
2124	0.083625731
2125	0.104678363
2126	0.088888889
2127	0.088888889
2128	0.144152047
2129	0.149415205
2130	0.095526696
2131	0.120467836
2132	0.096783626
2133	0.112573099
2134	0.099415205
2135	0.103407407
2136	0.152046784
2137	0.115204678
2138	0.099415205
2139	0.128362573
2140	0.102046784
2141	0.165204678
2142	0.152046784
2143	0.10994152
2144	0.123099415
2145	0.111111111
2146	0.130994152
2147	0.178643579
2148	0.238888889
2149	0.175730994
2150	0.120467836
2151	0.168660969
2152	0.130994152
2153	0.102046784
2154	0.10994152
2155	0.096783626
2156	0.220467836
2157	0.13625731
2158	0.088888889
2159	0.137085137
2160	0.096783626
2161	0.102046784
2162	0.173448773
2163	0.117836257
2164	0.091520468
2165	0.170467836
2166	0.137085137
2167	0.128362573
2168	0.096783626
2169	0.108513709
2170	0.07994228
2171	0.083625731
2172	0.080994152
2173	0.098124098
2174	0.09033189
2175	0.083625731
2176	0.108513709
2177	0.157309942
2178	0.13625731
2179	0.130994152
2180	0.15994152
2181	0.146783626
2182	0.075730994
2183	0.10994152
2184	0.138888889
2185	0.123099415
2186	0.091520468
2187	0.133625731
2188	0.112573099
2189	0.107309942
2190	0.123099415
2191	0.100721501
2192	0.123099415
2193	0.141520468
2194	0.13625731
2195	0.178362573
2196	0.121500722
2197	0.138888889
2198	0.134487734
2199	0.144152047
2200	0.199415205
2201	0.204617605
2202	0.123099415
2203	0.170467836
2204	0.09033189
2205	0.115204678
2206	0.10994152
2207	0.120467836
2208	0.146783626
2209	0.130994152
2210	0.144152047
2211	0.112573099
2212	0.13625731
2213	0.080994152
2214	0.149415205
2215	0.096783626
2216	0.091520468
2217	0.09033189
2218	0.10994152
2219	0.149415205
2220	0.175730994
2221	0.085137085
2222	0.113708514
2223	0.113708514
2224	0.102046784
2225	0.083625731
2226	0.099415205
2227	0.099415205
2228	0.091520468
2229	0.132763533
2230	0.098124098
2231	0.083625731
2232	0.131890332
2233	0.117836257
2234	0.091520468
2235	0.088888889
2236	0.09033189
2237	0.104678363
2238	0.154678363
2239	0.194152047
2240	0.125730994
2241	0.099415205
2242	0.104678363
2243	0.123099415
2244	0.092929293
2245	0.115204678
2246	0.077344877
2247	0.10994152
2248	0.088888889
2249	0.082539683
2250	0.125730994
2251	0.080994152
2252	0.107309942
2253	0.102046784
2254	0.074747475
2255	0.082539683
2256	0.085137085
2257	0.117836257
2258	0.07994228
2259	0.094152047
2260	0.07994228
2261	0.115204678
2262	0.092929293
2263	0.163532764
2264	0.092929293
2265	0.117836257
2266	0.10968661
2267	0.123099415
2268	0.125730994
2269	0.127407407
2270	0.105916306
2271	0.130994152
2272	0.098124098
2273	0.083625731
2274	0.099415205
2275	0.092929293
2276	0.099415205
2277	0.170467836
2278	0.082981716
2279	0.080994152
2280	0.087734488
2281	0.103318903
2282	0.082539683
2283	0.115204678
2284	0.100721501
2285	0.142279942
2286	0.077344877
2287	0.099415205
2288	0.09033189
2289	0.104678363
2290	0.082539683
2291	0.10994152
2292	0.094152047
2293	0.07994228
2294	0.131890332
2295	0.075730994
2296	0.15994152
2297	0.124098124
2298	0.091520468
2299	0.091520468
2300	0.116305916
2301	0.085137085
2302	0.091520468
2303	0.09033189
2304	0.08625731
2305	0.087734488
2306	0.107309942
2307	0.09033189
2308	0.146783626
2309	0.113708514
2312	0.078362573
2313	0.188888889
2314	0.120467836
2315	0.141520468
2316	0.112573099
2317	0.094152047
2318	0.107309942
2319	0.128362573
2320	0.085137085
2321	0.095526696
2322	0.099415205
2323	0.117836257
2324	0.154678363
2325	0.107309942
2326	0.125730994
2327	0.09033189
2328	0.09033189
2329	0.07994228
2330	0.099415205
2331	0.125730994
2332	0.141520468
2333	0.078362573
2334	0.094152047
2335	0.092929293
2336	0.10994152
2337	0.086609687
2338	0.125730994
2339	0.108513709
2340	0.098124098
2341	0.121500722
2342	0.085137085
2343	0.111111111
2344	0.115204678
2345	0.091520468
2346	0.133625731
2347	0.129292929
2348	0.084740741
2349	0.096783626
2350	0.15994152
2368	0.112573099
2369	0.096783626
2370	0.104678363
2371	0.095526696
2372	0.088888889
2373	0.102046784
2374	0.094152047
2375	0.091520468
2376	0.077344877
2377	0.080994152
2378	0.084740741
2379	0.120467836
2380	0.122074074
2381	0.08625731
2382	0.120467836
2383	0.080994152
2384	0.083625731
2385	0.116305916
2386	0.092929293
2387	0.08625731
2388	0.107309942
2389	0.120467836
2390	0.088888889
2391	0.130994152
2392	0.09033189
2393	0.107122507
2394	0.146783626
2395	0.099415205
2396	0.108513709
2397	0.080994152
2398	0.094152047
2399	0.087734488
2400	0.09033189
2401	0.094152047
2402	0.092929293
2403	0.102046784
2404	0.078917379
2405	0.108513709
2406	0.112250712
2407	0.107309942
2408	0.112573099
2409	0.10994152
2410	0.09033189
2411	0.088888889
2412	0.082539683
2413	0.087734488
2414	0.113708514
2415	0.126695527
2416	0.099415205
2417	0.125730994
2418	0.07994228
2419	0.096783626
2420	0.112573099
2421	0.170467836
2422	0.115204678
2423	0.113708514
2424	0.138888889
2425	0.153867792
2426	0.154678363
2427	0.078362573
2428	0.102046784
2429	0.106074074
2430	0.134487734
2431	0.086609687
2432	0.103318903
2433	0.098124098
2434	0.088888889
2435	0.096866097
2436	0.094301994
2437	0.083625731
2438	0.074747475
2439	0.105916306
2440	0.089173789
2441	0.10994152
2442	0.094301994
2443	0.118903319
2444	0.157309942
2445	0.121500722
2446	0.123099415
2447	0.099415205
2448	0.095526696
2449	0.144152047
2450	0.120467836
2451	0.096783626
2452	0.098124098
2453	0.121500722
2454	0.103318903
2455	0.162573099
2456	0.152669553
2457	0.094152047
2458	0.094152047
2459	0.111111111
2460	0.125071225
2461	0.134487734
2462	0.131890332
2463	0.117836257
2464	0.107309942
2465	0.078362573
2466	0.108513709
2467	0.09033189
2468	0.116305916
2469	0.13625731
2470	0.098074074
2471	0.108513709
2472	0.125730994
2473	0.099415205
2474	0.104678363
2475	0.081481481
2476	0.09033189
2477	0.143019943
2478	0.100721501
2479	0.088888889
2480	0.112573099
2481	0.102046784
2482	0.099415205
2483	0.099415205
2484	0.087734488
2485	0.100721501
2486	0.134487734
2486.1	0.131890332
2487	0.117836257
2488	0.087734488
2489	0.120467836
2490	0.112573099
2491	0.146783626
2492	0.141520468
2493	0.114814815
2494	0.086609687
2495	0.144152047
2496	0.099415205
2497	0.133625731
2498	0.107309942
2499	0.091520468
2500	0.116305916
2501	0.078362573
2502	0.075730994
2503	0.115204678
2504	0.094152047
2505	0.134487734
2506	0.085137085
2507	0.096783626
2508	0.088888889
2509	0.131890332
2510	0.115204678
2511	0.130994152
2512	0.178362573
2513	0.107309942
2514	0.099415205
2515	0.074747475
2516	0.104678363
2517	0.107309942
2518	0.091520468
2519	0.170467836
2520	0.104678363
2521	0.102046784
2522	0.117836257
2523	0.105916306
2524	0.085137085
2525	0.080994152
2526	0.104678363
2527	0.124098124
2528	0.082539683
2529	0.115204678
2530	0.10994152
2531	0.08625731
2532	0.117836257
2533	0.082539683
2534	0.098124098
2535	0.095526696
2536	0.103318903
2537	0.130994152
2538	0.107309942
2539	0.088888889
2540	0.118903319
2541	0.087734488
2542	0.113708514
2543	0.123099415
2544	0.083625731
2545	0.117836257
2546	0.123099415
2547	0.092929293
2548	0.157309942
2549	0.094152047
2550	0.095526696
2551	0.107309942
2552	0.115204678
2553	0.075386779
2554	0.078362573
2555	0.146074074
2556	0.094152047
2557	0.108513709
2558	0.088888889
2559	0.08625731
2560	0.094152047
2561	0.083625731
2562	0.096866097
2563	0.125730994
2564	0.130994152
2565	0.133625731
2566	0.129292929
2567	0.077344877
2568	0.099415205
2569	0.08625731
2570	0.138888889
2571	0.085137085
2572	0.102046784
2573	0.085137085
2574	0.098124098
2575	0.108513709
2576	0.113708514
2577	0.096783626
2578	0.083625731
2579	0.099415205
2580	0.141520468
2581	0.089173789
2582	0.096783626
2583	0.102046784
2584	0.09033189
2585	0.085137085
2586	0.118903319
2587	0.077344877
2588	0.099415205
2589	0.098124098
2590	0.099415205
2591	0.085137085
2592	0.072150072
2593	0.087734488
2594	0.094301994
2595	0.088888889
2596	0.08625731
2597	0.08625731
2598	0.095526696
2599	0.133625731
2600	0.091520468
2601	0.074747475
2602	0.104678363
2603	0.085137085
2604	0.117836257
2605	0.094152047
2606	0.091737892
2607	0.115204678
2608	0.096783626
2609	0.120467836
2610	0.115204678
2611	0.08625731
2612	0.075730994
2613	0.102046784
2614	0.102046784
2614.1	0.102046784
2614.2	0.099415205
2615	0.077344877
2616	0.147474747
2617	0.167836257
2618	0.096783626
2619	0.115204678
2620	0.099415205
2621	0.087734488
2622	0.096866097
2623	0.08625731
2624	0.10994152
2625	0.103318903
2626	0.08625731
2627	0.120467836
2628	0.077344877
2628.1	0.07994228
2629	0.094152047
2630	0.115204678
2631	0.113708514
2632	0.096783626
2633	0.08625731
2634	0.096783626
2635	0.092929293
2636	0.085137085
2637	0.083625731
2638	0.173099415
2639	0.15994152
2640	0.15994152
2641	0.111111111
2642	0.154678363
2643	0.104678363
2644	0.133625731
2645	0.115204678
2646	0.131890332
2647	0.107309942
2648	0.102046784
2649	0.15994152
2650	0.091737892
2651	0.105916306
2652	0.094152047
2653	0.165656566
2654	0.13968254
2655	0.118903319
2656	0.152669553
2657	0.124098124
2658	0.088888889
2659	0.085137085
2660	0.123099415
2661	0.10994152
2662	0.123099415
2663	0.115204678
2664	0.157864358
2665	0.092929293
2666	0.117836257
2667	0.102046784
2668	0.117836257
2669	0.10994152
2670	0.112573099
2671	0.102046784
2672	0.141520468
2673	0.123099415
2674	0.117836257
2675	0.146783626
2676	0.117836257
2677	0.107122507
2678	0.10994152
2679	0.129292929
2680	0.14045584
2681	0.138888889
2682	0.091520468
2683	0.117836257
2684	0.087734488
2685	0.091520468
2686	0.096783626
2687	0.095526696
2688	0.087734488
2689	0.094152047
2690	0.075730994
2691	0.130994152
2692	0.099415205
2693	0.091737892
2694	0.196783626
2695	0.105916306
2696	0.144877345
2697	0.102046784
2697.1	0.099415205
2698	0.111111111
2699	0.09033189
2700	0.112573099
2701	0.088888889
2702	0.117836257
2703	0.099415205
2704	0.188888889
2705	0.08625731
2706	0.09033189
2707	0.13625731
2708	0.199415205
2709	0.103318903
2710	0.123099415
2711	0.15994152
2712	0.082539683
2713	0.08625731
2714	0.08625731
2715	0.162573099
2716	0.171225071
2717	0.096783626
2718	0.144152047
2719	0.107309942
2720	0.137085137
2721	0.099415205
2722	0.096783626
2723	0.116305916
2724	0.075730994
2725	0.108513709
2726	0.08625731
2727	0.105916306
2728	0.108513709
2729	0.091737892
2730	0.120467836
2731	0.098124098
2732	0.07994228
2733	0.07994228
2734	0.087734488
2735	0.08625731
2736	0.099430199
2737	0.088888889
2738	0.098124098
2739	0.080994152
2740	0.102046784
2741	0.095526696
2742	0.089173789
2743	0.101994302
2743.1	0.094301994
2744	0.102046784
2745	0.114814815
2746	0.088888889
2747	0.100721501
2748	0.107309942
2749	0.107309942
2750	0.120467836
2751	0.144152047
2752	0.089173789
2753	0.124098124
2754	0.104678363
2755	0.099415205
2756	0.082981716
2757	0.091520468
2758	0.088888889
2759	0.083625731
2760	0.189033189
2761	0.15007215
2762	0.133625731
2763	0.13625731
2764	0.083625731
2765	0.077344877
2766	0.096783626
2767	0.138677918
2768	0.118903319
2769	0.091520468
2770	0.100721501
2771	0.105916306
2772	0.124098124
2773	0.107309942
2774	0.123099415
2775	0.115204678
2776	0.112573099
2777	0.108513709
2778	0.092929293
2779	0.102046784
2780	0.107309942
2781	0.088888889
2782	0.094152047
2783	0.073099415
2784	0.094301994
2785	0.07994228
2786	0.103318903
2787	0.094301994
2788	0.094152047
2789	0.092929293
2790	0.09033189
2791	0.09033189
2792	0.104558405
2793	0.094152047
2794	0.112250712
2795	0.104678363
2796	0.138888889
2797	0.104678363
2798	0.13968254
2799	0.113708514
2800	0.113708514
2801	0.080994152
2802	0.154678363
2802.1	0.146783626
2803	0.152046784
2804	0.149415205
2805	0.098124098
2806	0.098124098
2807	0.095526696
2808	0.115204678
2809	0.103318903
2810	0.085137085
2811	0.102046784
2812	0.078362573
2813	0.100721501
2814	0.080994152
2815	0.088888889
2816	0.07994228
2817	0.09033189
2818	0.120467836
2819	0.107309942
2820	0.141520468
2821	0.168253968
2822	0.100721501
2823	0.104678363
2824	0.099415205
2825	0.091520468
2826	0.107309942
2827	0.085137085
2828	0.111111111
2829	0.082539683
2830	0.178362573
2831	0.125730994
2832	0.138888889
2833	0.13625731
2834	0.130074074
2835	0.117836257
2836	0.115204678
2837	0.112573099
2838	0.102046784
2839	0.122507123
2840	0.078362573
2841	0.112573099
2842	0.07994228
2843	0.091520468
2844	0.094152047
2845	0.091520468
2846	0.077344877
2847	0.085513361
2848	0.087734488
2849	0.099415205
2850	0.078362573
2851	0.085513361
2852	0.074747475
2853	0.112573099
2854	0.094152047
2855	0.107122507
2856	0.13019943
2857	0.105916306
2858	0.10994152
2859	0.116305916
2860	0.130994152
2861	0.085137085
2861.1	0.087734488
2862	0.176046176
2863	0.16046176
2864	0.130994152
2865	0.087734488
2866	0.123099415
2867	0.080994152
2868	0.08625731
2869	0.07994228
2870	0.094152047
2871	0.098124098
2872	0.096783626
2873	0.096783626
2874	0.146783626
2875	0.08625731
2876	0.092929293
2877	0.08625731
2878	0.099415205
2879	0.094152047
2880	0.088888889
2881	0.102046784
2882	0.075730994
2883	0.099415205
2884	0.096783626
2885	0.088888889
2886	0.092929293
2887	0.099415205
2888	0.095526696
2889	0.081481481
2890	0.096783626
2891	0.089173789
2892	0.096783626
2893	0.099430199
2894	0.094152047
2895	0.077344877
2896	0.082539683
2897	0.098124098
2898	0.099415205
2899	0.105916306
2900	0.133625731
2901	0.130994152
2902	0.087734488
2903	0.094152047
2904	0.087734488
2905	0.103318903
2906	0.103318903
2907	0.107309942
2908	0.080994152
2909	0.112250712
2910	0.082539683
2911	0.091737892
2912	0.10994152
2913	0.105916306
2914	0.091520468
2915	0.095526696
2916	0.123099415
2917	0.094152047
2918	0.095526696
2919	0.098124098
2920	0.073789174
2921	0.082539683
2922	0.103318903
2923	0.074747475
2924	0.095526696
2925	0.098124098
2926	0.102046784
2927	0.123099415
2928	0.080994152
2929	0.087734488
2930	0.074747475
2931	0.120467836
2932	0.082539683
2933	0.09033189
2934	0.124098124
2935	0.107309942
2936	0.085137085
2937	0.088888889
2938	0.073099415
2939	0.082539683
2940	0.102046784
2941	0.083625731
2942	0.103318903
2943	0.105916306
2944	0.078362573
2945	0.144877345
2946	0.113708514
2947	0.088888889
2948	0.130994152
2949	0.083625731
2950	0.099415205
2951	0.115204678
2952	0.084045584
2953	0.094152047
2954	0.112573099
2955	0.084740741
2956	0.115204678
2957	0.099415205
2958	0.130994152
2959	0.07994228
2960	0.077344877
2961	0.088888889
2962	0.111111111
2963	0.096783626
2964	0.07994228
2965	0.08625731
2966	0.112573099
2967	0.09033189
2968	0.094152047
2969	0.080994152
2970	0.08625731
2971	0.078362573
2972	0.083625731
2973	0.082539683
2974	0.080994152
2975	0.10994152
2976	0.09033189
2977	0.088888889
2978	0.082539683
2979	0.094152047
2980	0.099415205
2981	0.099415205
2982	0.108513709
2983	0.08625731
2984	0.088888889
2985	0.133625731
2985.1	0.133625731
2986	0.133625731
2987	0.149415205
2988	0.133625731
2989	0.129292929
2990	0.088888889
2991	0.127635328
2992	0.08625731
2993	0.096783626
2994	0.107309942
2995	0.123099415
2996	0.112573099
2997	0.107309942
2998	0.115893108
2998.1	0.108298172
2999	0.122507123
3000	0.128362573
3001	0.102046784
3002	0.191520468
3003	0.130994152
3004	0.125730994
3005	0.118903319
3006	0.123488045
3007	0.123099415
3008	0.188888889
3009	0.107309942
3010	0.10994152
3011	0.099415205
3012	0.091520468
3013	0.08625731
3014	0.196783626
3015	0.073099415
3016	0.105916306
3017	0.194227994
3018	0.09033189
3019	0.117836257
3020	0.103318903
3021	0.107309942
3022	0.111111111
3023	0.112250712
3024	0.08625731
3025	0.102046784
3026	0.080994152
3027	0.085137085
3028	0.083625731
3029	0.084045584
3030	0.096783626
3031	0.09033189
3032	0.147474747
3033	0.123099415
3034	0.103318903
3035	0.137085137
3036	0.129292929
3037	0.125071225
3038	0.101994302
3039	0.095526696
3040	0.08625731
3041	0.100721501
3042	0.115204678
3043	0.096783626
3044	0.118903319
3045	0.102046784
3046	0.09033189
3047	0.117836257
3048	0.104678363
3049	0.076353276
3050	0.112573099
3051	0.165204678
3052	0.121500722
3053	0.178643579
3054	0.092929293
3055	0.125730994
3056	0.088888889
3057	0.116305916
3058	0.100721501
3059	0.091520468
3060	0.088888889
3061	0.088888889
3062	0.091520468
3063	0.107309942
3064	0.094301994
3065	0.111111111
3066	0.18625731
3067	0.104678363
3068	0.13625731
3069	0.083625731
3070	0.131890332
3071	0.13625731
3072	0.099415205
3073	0.118903319
3074	0.073789174
3075	0.105916306
3076	0.082539683
3077	0.080994152
3078	0.094152047
3079	0.104678363
3080	0.078362573
3081	0.09033189
3082	0.092929293
3083	0.095526696
3084	0.085137085
3085	0.152046784
3086	0.099415205
3087	0.10994152
3088	0.15994152
3089	0.118903319
3090	0.098124098
3091	0.095526696
3092	0.141520468
3093	0.129292929
3094	0.120467836
3095	0.10994152
3096	0.131890332
3097	0.18625731
3098	0.144152047
3099	0.107309942
3100	0.125730994
3101	0.099415205
3102	0.144152047
3103	0.13625731
3104	0.083625731
3105	0.085137085
3106	0.088888889
3107	0.078362573
3108	0.096783626
3109	0.073099415
3110	0.074747475
3111	0.096783626
3112	0.123099415
3113	0.080994152
3114	0.07994228
3115	0.102046784
3116	0.095526696
3117	0.117836257
3118	0.096783626
3119	0.137085137
3120	0.078362573
3121	0.130994152
3122	0.09033189
3123	0.112573099
3124	0.096783626
3125	0.099415205
3126	0.144152047
3127	0.120467836
3128	0.111111111
3129	0.102046784
3130	0.103318903
3131	0.083625731
3132	0.107309942
3133	0.091520468
3134	0.091737892
3135	0.098124098
3136	0.094152047
3137	0.124098124
3138	0.146783626
3139	0.099415205
3140	0.086609687
3141	0.08625731
3142	0.080994152
3143	0.083625731
3144	0.115204678
3145	0.099415205
3146	0.080994152
3147	0.100721501
3148	0.13625731
3149	0.18625731
3150	0.154678363
3151	0.144877345
3152	0.15994152
3153	0.10994152
3154	0.126695527
3155	0.158404558
3156	0.13968254
3157	0.080994152
3158	0.080994152
3159	0.102046784
3160	0.07994228
3161	0.096783626
3162	0.080994152
3163	0.083625731
3164	0.085137085
3165	0.096783626
3166	0.082539683
3167	0.128362573
3168	0.091520468
3169	0.103318903
3170	0.095526696
3171	0.094152047
3172	0.099415205
3173	0.088888889
3174	0.082539683
3175	0.082539683
3176	0.091520468
3177	0.094301994
3178	0.099415205
3179	0.083625731
3180	0.083625731
3181	0.08625731
3182	0.080994152
3183	0.094152047
3184	0.085137085
3185	0.07994228
3186	0.138888889
3187	0.152046784
3188	0.163059163
3189	0.13968254
3190	0.142279942
3191	0.133625731
3192	0.202046784
3193	0.230994152
3194	0.149415205
3195	0.133625731
3196	0.091520468
3197	0.091520468
3198	0.122507123
3199	0.102046784
3200	0.085137085
3201	0.107309942
3202	0.077344877
3203	0.07994228
3204	0.130994152
3205	0.095639944
3206	0.088888889
3207	0.115204678
3208	0.095526696
3209	0.16046176
3210	0.191520468
3211	0.102046784
3212	0.091520468
3213	0.133625731
3214	0.138888889
3215	0.094152047
3216	0.088888889
3217	0.077344877
3218	0.103318903
3219	0.105916306
3220	0.10994152
3224	0.15994152
3226	0.102046784
3228	0.207309942
3229	0.144152047
3231	0.133625731
3235	0.167407407
3238	0.112250712
3241	0.09033189
3244	0.074747475
3246	0.112573099
3249	0.144877345
3251	0.099415205
3252	0.096783626
3254	0.142279942
3256	0.082539683
3257	0.092929293
3259	0.075386779
3261	0.08625731
3262	0.125730994
3264	0.100721501
3265	0.08625731
3267	0.094152047
3269	0.094152047
3271	0.08625731
3273	0.103318903
3275	0.08625731
3277	0.104678363
3279	0.15994152
3282	0.088888889
3283	0.075730994
3285	0.152046784
3287	0.072150072
3290	0.091520468
3292	0.083625731
3294	0.088888889
3296	0.146783626
3298	0.077344877
3304	0.09033189
3306	0.096866097
3308	0.117836257
3311	0.134487734
3313	0.100721501
3315	0.107309942
3316	0.098124098
3317	0.165656566
3319	0.107309942
3320	0.112250712
3321	0.128362573
3322	0.091520468
3325	0.146783626
3328	0.130074074
3334	0.088888889
3337	0.10994152
3338	0.233625731
3340	0.10994152
3341	0.088888889
3342	0.104678363
3343	0.094152047
3345	0.124098124
3347	0.088888889
3348	0.123099415
3349	0.125730994
3350	0.103318903
3351	0.099415205
3352	0.125730994
3353	0.10994152
3354	0.096783626
3355	0.116305916
3356	0.149415205
3357	0.152046784
3358	0.107309942
3358.1	0.096783626
3358.2	0.099415205
3359	0.116305916
3360	0.092929293
3361	0.113708514
3362	0.117836257
3362.1	0.112573099
3363	0.207309942
3364	0.152669553
3365	0.10994152
3366	0.130994152
3367	0.124098124
3368	0.131890332
3369	0.194152047
3370	0.152669553
3371	0.138888889
3372	0.102046784
3373	0.120467836
3374	0.107309942
3375	0.105916306
3376	0.080994152
3376.1	0.080994152
3377	0.130994152
3378	0.123099415
3379	0.091520468
3380	0.082539683
3381	0.162573099
3382	0.102046784
3383	0.128362573
3384	0.141520468
3385	0.162573099
3386	0.120467836
3387	0.165656566
3388	0.138888889
3389	0.112573099
3390	0.088888889
3391	0.149415205
3392	0.111111111
3393	0.118903319
3394	0.128362573
3395	0.125730994
3396	0.149415205
3397	0.102046784
3398	0.096783626
3399	0.130994152
3400	0.099415205
3401	0.07994228
3402	0.144152047
3403	0.099415205
3404	0.107309942
3405	0.123099415
3405.1	0.115204678
3406	0.102046784
3407	0.115204678
3408	0.144152047
3409	0.144152047
3410	0.115204678
3411	0.112573099
3412	0.120467836
3413	0.080994152
3414	0.128362573
3415	0.117836257
3416	0.146783626
3417	0.107309942
3418	0.098124098
3419	0.096507937
3420	0.123099415
3421	0.094152047
3422	0.087734488
3423	0.094301994
3424	0.13625731
3425	0.096783626
3426	0.099415205
3427	0.138888889
3428	0.115204678
3429	0.105916306
3430	0.09033189
3431	0.183625731
3432	0.220467836
3433	0.11994302
3434	0.107309942
3435	0.105916306
3436	0.146783626
3437	0.118903319
3438	0.126695527
3439	0.130994152
3440	0.118903319
3441	0.120467836
3442	0.202046784
3443	0.123099415
3444	0.141520468
3445	0.114074074
3446	0.120467836
3447	0.165204678
3448	0.120467836
3449	0.094152047
3450	0.120467836
3451	0.128362573
3452	0.105916306
3453	0.125730994
3454	0.130994152
3455	0.088888889
3456	0.107309942
3457	0.125730994
3458	0.152046784
3459	0.133625731
3460	0.120467836
3461	0.101994302
3462	0.191520468
3463	0.117836257
3464	0.10994152
3465	0.123099415
3466	0.107309942
3467	0.146783626
3468	0.144152047
3469	0.099415205
3470	0.088888889
3471	0.09033189
3472	0.147474747
3473	0.130994152
3474	0.134487734
3475	0.117836257
3476	0.115204678
3477	0.153276353
3478	0.102046784
3479	0.104678363
3480	0.09033189
3481	0.086609687
3482	0.08625731
3482.1	0.080994152
3483	0.08625731
3484	0.144152047
3485	0.092929293
3486	0.095526696
3487	0.157309942
3488	0.124098124
3489	0.180994152
3490	0.131890332
3491	0.088888889
3492	0.123099415
3493	0.138888889
3493.1	0.165204678
3494	0.138888889
3495	0.083625731
3496	0.09033189
3497	0.09033189
3498	0.09033189
3499	0.123099415
3500	0.094152047
3501	0.146783626
3502	0.112573099
3503	0.096783626
3504	0.094152047
3505	0.10994152
3506	0.09033189
3507	0.115204678
3508	0.08625731
3509	0.133625731
3510	0.08625731
3511	0.117836257
3512	0.130994152
3513	0.130994152
3514	0.123099415
3515	0.10994152
3516	0.150712251
3517	0.08625731
3518	0.128362573
3519	0.149415205
3520	0.104678363
3521	0.123099415
3522	0.127635328
3523	0.130994152
3524	0.126695527
3525	0.103318903
3526	0.107309942
3527	0.104678363
3528	0.113708514
3529	0.157309942
3530	0.13625731
3531	0.13968254
3532	0.178362573
3533	0.117836257
3534	0.10994152
3535	0.122507123
3536	0.105916306
3537	0.126695527
3537.1	0.108513709
3538	0.112573099
3539	0.111111111
3540	0.092929293
3541	0.154678363
3542	0.075386779
3543	0.102046784
3544	0.099415205
3545	0.091520468
3546	0.115204678
3547	0.146783626
3548	0.080994152
3549	0.125730994
3550	0.108513709
3551	0.103318903
3552	0.103318903
3553	0.120467836
3554	0.104678363
3555	0.120467836
3556	0.096783626
3557	0.125730994
3558	0.103318903
3559	0.083625731
3560	0.123099415
3561	0.099415205
3562	0.133625731
3563	0.115204678
3564	0.117836257
3565	0.173099415
3566	0.083625731
3567	0.16046176
3568	0.123099415
3569	0.115204678
3570	0.125730994
3571	0.107122507
3572	0.117836257
3573	0.233625731
3574	0.112573099
3575	0.094152047
3576	0.112573099
3577	0.129292929
3578	0.100721501
3579	0.104678363
3580	0.123099415
3581	0.091520468
3582	0.08625731
3583	0.103318903
3584	0.087734488
3585	0.083625731
3586	0.120467836
3587	0.08625731
3588	0.091520468
3589	0.15007215
3590	0.153276353
3591	0.071225071
3592	0.09033189
3593	0.102046784
3594	0.08625731
3595	0.108513709
3596	0.107309942
3597	0.083625731
3598	0.108513709
3599	0.10994152
3600	0.094152047
3601	0.104558405
3602	0.095526696
3603	0.091520468
3604	0.074747475
3605	0.115204678
3606	0.104678363
3607	0.094152047
3608	0.113708514
3609	0.096866097
3610	0.092929293
3611	0.088888889
3613	0.080994152
3614	0.104678363
3615	0.115204678
3616	0.094152047
3617	0.100721501
3618	0.091520468
3619	0.126695527
3620	0.125730994
3621	0.144877345
3622	0.130994152
3623	0.144152047
3624	0.09033189
3626	0.146783626
3628	0.082539683
3629	0.096783626
3630	0.118903319
3631	0.099415205
3632	0.083625731
3633	0.077344877
3634	0.09033189
3635	0.073789174
3636	0.099415205
3637	0.117836257
3638	0.09033189
3639	0.082539683
3640	0.125730994
3641	0.082539683
3642	0.095526696
3643	0.144152047
3644	0.130994152
3645	0.112573099
3646	0.088888889
3647	0.091520468
3648	0.117836257
3649	0.09033189
3650	0.094152047
3652	0.095526696
3653	0.092929293
3654	0.095526696
3655	0.217836257
3656	0.099415205
3657	0.073789174
3658	0.137085137
3659	0.102046784
3660	0.115204678
3661	0.08625731
3663	0.091520468
3664	0.091737892
3665	0.126695527
3666	0.100721501
3667	0.103318903
3668	0.085137085
3669	0.078917379
3670	0.080994152
3671	0.107309942
3672	0.129292929
3673	0.088888889
3674	0.149415205
3675	0.088888889
3676	0.123099415
3677	0.094152047
3678	0.132763533
3679	0.102046784
3680	0.223099415
3681	0.088888889
3682	0.08625731
3683	0.084045584
3684	0.103318903
3685	0.113708514
3686	0.103318903
3687	0.212409812
3689	0.101994302
3690	0.107309942
3692	0.13625731
3693	0.133625731
3695	0.094152047
3696	0.120467836
3697	0.10994152
3698	0.102046784
3699	0.133625731
3700	0.194227994
3701	0.08625731
3702	0.107309942
3703	0.120467836
3704	0.13625731
3705	0.107309942
3706	0.10994152
3707	0.124098124
3708	0.08625731
3709	0.094152047
3710	0.107309942
3711	0.104678363
3712	0.095526696
3713	0.104678363
3714	0.102046784
3715	0.099415205
3716	0.149415205
3717	0.091520468
3718	0.089173789
3719	0.078362573
3720	0.088888889
3721	0.126695527
3722	0.15007215
3723	0.18625731
3724	0.112573099
3725	0.094152047
3726	0.087734488
3727	0.099415205
3728	0.134487734
3729	0.103318903
3730	0.096783626
3731	0.078362573
3732	0.123099415
3733	0.091520468
3734	0.13625731
3735	0.082539683
3736	0.09033189
3737	0.107309942
3738	0.099415205
3739	0.072150072
3740	0.075730994
3741	0.091520468
3742	0.102046784
3743	0.087734488
3744	0.087734488
3745	0.089173789
3746	0.086609687
3747	0.080994152
3748	0.124098124
3749	0.096783626
3750	0.082539683
3751	0.07994228
3752	0.099415205
3753	0.088888889
3754	0.165571205
3755	0.102046784
3756	0.099415205
3757	0.126695527
3758	0.104678363
3759	0.082539683
3760	0.094152047
3761	0.115204678
3762	0.13625731
3763	0.078917379
3764	0.115204678
3765	0.083625731
3766	0.105916306
3767	0.138888889
3768	0.088888889
3769	0.129292929
3770	0.10994152
3771	0.083625731
3772	0.09033189
3773	0.104678363
3774	0.08625731
3775	0.088888889
3776	0.096783626
3777	0.094152047
3778	0.085137085
3779	0.088888889
3780	0.107309942
3781	0.094152047
3782	0.138888889
3783	0.10994152
3784	0.098124098
3785	0.103318903
3786	0.083625731
3787	0.096783626
3788	0.125730994
3789	0.173099415
3790	0.173099415
3792	0.089173789
3793	0.107309942
3794	0.115204678
3795	0.084045584
3796	0.10994152
3797	0.087734488
3798	0.10994152
3799	0.095526696
3800	0.085137085
3801	0.123099415
3802	0.149415205
3803	0.16046176
3804	0.08625731
3805	0.10994152
3806	0.107122507
3807	0.147474747
3808	0.10994152
3809	0.091520468
3810	0.131890332
3812	0.078362573
3813	0.09033189
3814	0.118903319
3815	0.09033189
3816	0.130994152
3817	0.099415205
3818	0.108513709
3819	0.105916306
3820	0.138888889
3821	0.126695527
3822	0.111111111
3823	0.108513709
3824	0.098124098
3825	0.128362573
3826	0.089173789
3827	0.083625731
3828	0.125730994
3829	0.091520468
3830	0.130994152
3831	0.091520468
3832	0.104678363
3833	0.115204678
3834	0.094152047
3835	0.102046784
3836	0.112573099
3837	0.126695527
3838	0.095526696
3839	0.137085137
3840	0.154678363
3841	0.122507123
3842	0.117836257
3843	0.141520468
3844	0.104678363
3845	0.118903319
3846	0.157309942
3847	0.138888889
3848	0.09033189
3849	0.104678363
3850	0.104678363
3851	0.144877345
3853	0.124098124
3854	0.124098124
3855	0.107309942
3856	0.117836257
3858	0.09033189
3859	0.120467836
3860	0.091520468
3861	0.117836257
3862	0.173099415
3863	0.114814815
3864	0.096783626
3865	0.096783626
3866	0.096783626
3867	0.096783626
3868	0.112573099
3869	0.118903319
3870	0.152046784
3871	0.103318903
3872	0.125730994
3873	0.116305916
3874	0.094152047
3876	0.098124098
3877	0.099415205
3881	0.115204678
3883	0.167407407
3887	0.117836257
3888	0.117836257
3889	0.119407407
3890	0.107309942
3891	0.089173789
3892	0.094152047
3893	0.130994152
3894	0.09033189
3895	0.134487734
3896	0.085137085
3897	0.099415205
3898	0.088271605
3899	0.123099415
3900	0.088888889
3901	0.087734488
3902	0.098124098
3903	0.107309942
3904	0.091520468
3905	0.09033189
3906	0.111111111
3908	0.107309942
3909	0.115204678
3910	0.141520468
3911	0.202046784
3912	0.112573099
3913	0.10994152
3914	0.10994152
3915	0.204678363
3916	0.10994152
3917	0.13625731
3918	0.102046784
3919	0.100721501
3920	0.096783626
3921	0.112573099
3922	0.095526696
3923	0.087734488
3924	0.115204678
3925	0.083625731
3926	0.085137085
3927	0.105916306
3928	0.088888889
3929	0.09033189
3930	0.107309942
3931	0.099415205
3932	0.082539683
3933	0.078362573
3934	0.094152047
3935	0.107122507
3936	0.104678363
3937	0.095526696
3938	0.104678363
3939	0.096783626
3940	0.091520468
3941	0.094152047
3942	0.088888889
3943	0.091520468
3944	0.094152047
3945	0.083625731
3946	0.103318903
3947	0.121500722
3948	0.118903319
3949	0.095526696
3950	0.112573099
3951	0.08625731
3952	0.111111111
3953	0.102046784
3954	0.107309942
3955	0.141520468
3956	0.082539683
3958	0.115204678
3959	0.07994228
3960	0.107309942
3961	0.080994152
3963	0.108513709
3964	0.138888889
3965	0.112573099
3966	0.123099415
3967	0.113708514
3968	0.123099415
3970	0.152046784
3971	0.128362573
3972	0.107309942
3974	0.087734488
3975	0.123099415
3976	0.111111111
3977	0.117836257
3979	0.096783626
3980	0.120467836
3981	0.167836257
3982	0.091520468
3983	0.196783626
3984	0.111111111
3986	0.082539683
3987	0.13625731
3988	0.129292929
3989	0.087734488
3990	0.126695527
3992	0.100721501
3994	0.077344877
3995	0.115204678
3996	0.146783626
3997	0.154678363
3998	0.095526696
3999	0.137085137
4001	0.134487734
4002	0.133625731
4004	0.157864358
4005	0.115204678
4007	0.142279942
4009	0.113708514
4010	0.08625731
4012	0.104678363
4013	0.112573099
4014	0.122507123
4015	0.117836257
4016	0.095526696
4017	0.085137085
4018	0.144152047
4019	0.08625731
4020	0.078917379
4021	0.125730994
4022	0.108513709
4023	0.088888889
4024	0.130994152
4025	0.121500722
4027	0.100721501
4028	0.089173789
4029	0.112250712
4030	0.149415205
4031	0.091520468
4032	0.107122507
4033	0.08625731
4034	0.092929293
4035	0.099415205
4036	0.08625731
4037	0.09033189
4038	0.113708514
4039	0.085137085
4040	0.098124098
4041	0.128362573
4042	0.102046784
4043	0.099415205
4044	0.138888889
4045	0.102046784
4046	0.117836257
4047	0.088888889
4048	0.108513709
4049	0.076353276
4050	0.116305916
4051	0.13625731
4052	0.142279942
4053	0.105916306
4054	0.128362573
4055	0.111111111
4056	0.102046784
4057	0.092929293
4058	0.088888889
4059	0.096866097
4060	0.138888889
4061	0.099415205
4062	0.10994152
4063	0.094152047
4064	0.083625731
4065	0.096866097
4066	0.112573099
4067	0.141520468
4068	0.163059163
4069	0.112573099
4070	0.080994152
4071	0.09033189
4072	0.115204678
4073	0.133625731
4074	0.086609687
4075	0.077344877
4076	0.191520468
4077	0.104678363
4078	0.087734488
4079	0.13625731
4080	0.103318903
4081	0.153276353
4082	0.113708514
4083	0.157864358
4084	0.091520468
4085	0.123099415
4086	0.115204678
4087	0.107309942
4088	0.107309942
4090	0.102046784
4091	0.099415205
4092	0.099415205
4093	0.101994302
4095	0.094152047
4096	0.134487734
4097	0.149415205
4099	0.085137085
4100	0.091520468
4102	0.099415205
4103	0.125730994
4104	0.083625731
4105	0.124098124
4107	0.096866097
4108	0.096783626
4109	0.091520468
4110	0.107309942
4112	0.094152047
4114	0.080994152
4115	0.099415205
4117	0.107309942
4118	0.088888889
4119	0.096783626
4120	0.080994152
4121	0.102160494
4123	0.094152047
4124	0.099430199
4126	0.082539683
4127	0.130994152
4128	0.099415205
4129	0.143019943
4130	0.11994302
4131	0.147474747
4132	0.099415205
4133	0.125730994
4134	0.092929293
4135	0.08625731
4136	0.194152047
4137	0.096783626
4138	0.128362573
4139	0.120467836
4140	0.088888889
4141	0.120467836
4142	0.100721501
4143	0.091520468
4144	0.096783626
4145	0.13625731
4146	0.125730994
4147	0.112573099
4148	0.157309942
4149	0.170467836
4150	0.138888889
4151	0.124098124
4152	0.165204678
4153	0.083625731
4155	0.099415205
4157	0.091520468
4158	0.130994152
4159	0.131890332
4161	0.104678363
4162	0.07994228
4163	0.094152047
4165	0.112573099
4167	0.08625731
4168	0.116305916
4170	0.094152047
4171	0.123099415
4172	0.100721501
4173	0.099415205
4174	0.089173789
4175	0.111111111
4176	0.113708514
4178	0.180994152
4179	0.099415205
4181	0.149415205
4182	0.10994152
4183	0.13625731
4184	0.096783626
4186	0.128362573
4188	0.075730994
4190	0.08625731
4191	0.113708514
4193	0.08625731
4194	0.112573099
4195	0.162573099
4196	0.115204678
4197	0.128362573
4198	0.081481481
4199	0.134487734
4200	0.126695527
4201	0.077344877
4202	0.096783626
4203	0.202020202
4204	0.099415205
4205	0.085137085
4206	0.128362573
4208	0.099415205
4210	0.183625731
4212	0.095526696
4213	0.082539683
4215	0.094301994
4216	0.091520468
4217	0.10994152
4218	0.117836257
4219	0.104678363
4221	0.07994228
4222	0.102046784
4223	0.087734488
4224	0.142279942
4225	0.227994228
4226	0.117836257
4228	0.10994152
4229	0.088888889
4230	0.099415205
4231	0.085137085
4232	0.08625731
4233	0.105916306
4234	0.128362573
4235	0.087734488
4237	0.083625731
4238	0.116305916
4239	0.120467836
4240	0.102046784
4241	0.126695527
4242	0.085137085
4243	0.144152047
4244	0.107309942
4246	0.080994152
4247	0.088888889
4248	0.088888889
4249	0.125730994
4250	0.102046784
4251	0.133625731
4252	0.095526696
4253	0.108513709
4255	0.074747475
4256	0.104678363
4257	0.130994152
4258	0.125730994
4259	0.133625731
4260	0.083625731
4261	0.123099415
4262	0.094152047
4263	0.091520468
4265	0.088888889
4267	0.088888889
4268	0.103318903
4269	0.088888889
4270	0.107309942
4271	0.154678363
4272	0.082539683
4273	0.105916306
4274	0.104678363
4275	0.112573099
4276	0.149415205
4277	0.104678363
4278	0.175730994
4279	0.07994228
4280	0.083625731
4281	0.142279942
4282	0.088888889
4283	0.107309942
4284	0.077344877
4285	0.096783626
4286	0.10994152
4287	0.123099415
4288	0.111111111
4289	0.117836257
4290	0.165204678
4291	0.099415205
4292	0.10968661
4293	0.225730994
4294	0.204678363
4295	0.078362573
4296	0.100721501
4297	0.117836257
4298	0.100721501
4299	0.080994152
4300	0.096783626
4301	0.07994228
4302	0.095526696
4303	0.144877345
4304	0.099415205
4305	0.133625731
4306	0.094301994
4307	0.092929293
4308	0.091520468
4309	0.115204678
4310	0.104678363
4311	0.115204678
4312	0.094152047
4313	0.08625731
4314	0.107309942
4315	0.094152047
4316	0.104678363
4317	0.099415205
4318	0.095526696
4319	0.178362573
4320	0.162573099
4321	0.102046784
4322	0.128362573
4323	0.091520468
4324	0.09033189
4325	0.144152047
4326	0.112573099
4327	0.130994152
4328	0.087734488
4329	0.099415205
4330	0.128362573
4332	0.129292929
4333	0.126695527
4334	0.078362573
4335	0.100721501
4336	0.099415205
4337	0.141520468
4338	0.094152047
4339	0.123099415
4340	0.128362573
4341	0.103318903
4342	0.125730994
4343	0.091520468
4344	0.133625731
4345	0.113708514
4346	0.102046784
4347	0.100721501
4348	0.112573099
4349	0.128362573
4350	0.096783626
4351	0.095526696
4352	0.120467836
4353	0.083625731
4354	0.080994152
4355	0.099415205
4356	0.096783626
4357	0.115204678
4358	0.120467836
4359	0.123099415
4361	0.085137085
4362	0.098124098
4363	0.102046784
4364	0.09033189
4365	0.088888889
4366	0.115204678
4367	0.096783626
4368	0.104678363
4369	0.107309942
4370	0.091520468
4371	0.118903319
4373	0.099415205
4374	0.100721501
4375	0.09033189
4376	0.115204678
4377	0.128362573
4378	0.117836257
4379	0.083625731
4380	0.128362573
4381	0.099415205
4382	0.112573099
4383	0.096783626
4384	0.102046784
4385	0.102046784
4386	0.108513709
4387	0.10994152
4388	0.094152047
4389	0.094152047
4390	0.091520468
4391	0.08625731
4392	0.104678363
4393	0.092929293
4394	0.10994152
4395	0.125730994
4396	0.099415205
4397	0.15994152
4399	0.108513709
4400	0.124098124
4401	0.099415205
4402	0.099415205
4403	0.144152047
4404	0.096783626
4405	0.09033189
4406	0.09033189
4407	0.107309942
4409	0.098124098
4410	0.103318903
4411	0.102046784
4412	0.154678363
4413	0.133625731
4414	0.096783626
4415	0.08625731
4416	0.096783626
4417	0.157309942
4418	0.108513709
4419	0.108513709
4420	0.115204678
4421	0.157309942
4422	0.091520468
4423	0.112573099
4424	0.099415205
4425	0.099415205
4426	0.080994152
4427	0.118903319
4428	0.08625731
4429	0.117836257
4430	0.121500722
4431	0.102046784
4432	0.092929293
4433	0.096783626
4434	0.124098124
4435	0.112573099
4436	0.107309942
4437	0.115204678
4438	0.100721501
4439	0.107309942
4440	0.173099415
4441	0.08625731
4442	0.08625731
4443	0.104678363
4444	0.104678363
4445	0.094152047
4446	0.088888889
4447	0.083625731
4448	0.107309942
4449	0.089173789
4450	0.078362573
4451	0.074747475
4452	0.099415205
4453	0.077344877
4454	0.134487734
4455	0.112573099
4456	0.088888889
4457	0.107309942
4458	0.117836257
4459	0.103318903
4460	0.094152047
4461	0.100721501
4462	0.10994152
4463	0.125730994
4464	0.133625731
4466	0.137085137
4467	0.08625731
4468	0.123099415
4469	0.111111111
4470	0.095526696
4471	0.18625731
4472	0.087734488
4473	0.112573099
4474	0.105916306
4475	0.083625731
4476	0.102046784
4477	0.133625731
4478	0.09033189
4479	0.111111111
4480	0.099415205
4481	0.178362573
4482	0.096783626
4483	0.087734488
4484	0.168660969
4485	0.080994152
4486	0.100721501
4487	0.125730994
4488	0.111111111
4489	0.149415205
4490	0.120467836
4491	0.087734488
4492	0.149415205
4493	0.120467836
4494	0.117378917
4495	0.138888889
4496	0.081481481
4497	0.082539683
4498	0.080994152
4499	0.087734488
4500	0.087734488
4501	0.099415205
4502	0.087734488
4503	0.108513709
4504	0.083625731
4505	0.152669553
4506	0.087734488
4507	0.087734488
4508	0.095526696
4509	0.091520468
4510	0.091520468
4511	0.107309942
4512	0.141520468
4513	0.133625731
4514	0.111111111
4515	0.099415205
4516	0.094152047
