uta	att
4	0.107309942
6	0.118903319
7	0.105916306
8	0.080994152
9	0.114478114
10	0.096783626
11	0.099415205
12	0.08625731
14	0.112573099
15	0.170851371
18	0.099415205
19	0.120467836
20	0.112573099
21	0.077344877
22	0.128362573
23	0.122074074
24	0.094152047
27	0.144877345
28	0.120467836
30	0.124098124
31	0.105916306
32	0.113708514
33	0.141520468
34	0.102046784
35	0.087734488
37	0.20981241
39	0.180994152
40	0.100721501
41	0.133625731
42	0.083625731
43	0.088888889
44	0.141520468
46	0.085137085
47	0.105916306
48	0.123099415
49	0.157309942
51	0.130074074
53	0.128362573
54	0.152046784
55	0.08625731
56	0.183625731
57	0.102046784
58	0.08625731
59	0.13625731
60	0.092929293
61	0.144152047
62	0.144152047
63	0.120467836
64	0.100721501
65	0.173448773
66	0.133625731
67	0.103318903
68	0.077344877
69	0.099415205
70	0.088888889
71	0.088888889
72	0.088888889
73	0.107309942
74	0.138888889
75	0.07994228
76	0.124098124
77	0.131890332
78	0.135327635
80	0.113708514
81	0.152046784
82	0.13625731
83	0.116305916
84	0.103318903
85	0.107309942
86	0.07994228
87	0.121500722
88	0.128362573
89	0.173099415
90	0.112573099
91	0.099430199
92	0.130994152
93	0.117378917
94	0.112573099
95	0.122074074
96	0.103318903
97	0.092929293
98	0.120467836
99	0.115204678
100	0.105916306
101	0.131890332
102	0.099430199
103	0.094152047
104	0.088888889
105	0.125730994
106	0.121500722
107	0.094152047
108	0.112573099
109	0.099415205
110	0.10994152
111	0.149415205
112	0.083625731
113	0.18625731
114	0.134487734
115	0.098124098
116	0.154678363
117	0.125730994
118	0.117836257
119	0.199415205
120	0.071225071
121	0.091520468
122	0.102046784
123	0.120467836
124	0.113708514
125	0.082539683
126	0.115204678
127	0.111111111
128	0.095526696
129	0.100740741
130	0.144152047
132	0.102046784
133	0.100721501
134	0.107309942
136	0.125730994
137	0.105916306
139	0.103318903
140	0.092929293
141	0.096783626
142	0.085137085
143	0.112573099
144	0.100721501
145	0.107716049
146	0.125730994
147	0.13968254
148	0.165656566
149	0.115204678
151	0.102046784
152	0.138888889
154	0.105916306
156	0.126599327
157	0.105916306
158	0.094152047
160	0.112050078
161	0.117836257
163	0.087734488
164	0.096783626
165	0.137891738
166	0.091737892
168	0.138888889
169	0.183625731
170	0.123099415
171	0.133625731
172	0.10994152
173	0.118903319
174	0.138888889
175	0.126695527
176	0.107309942
177	0.08625731
178	0.123099415
179	0.128362573
180	0.112573099
181	0.137085137
182	0.08625731
183	0.123099415
184	0.154678363
185	0.120467836
186	0.165204678
187	0.091520468
188	0.125730994
189	0.13968254
190	0.099415205
191	0.130994152
192	0.094152047
193	0.095526696
195	0.105916306
197	0.168253968
198	0.180994152
200	0.162573099
201	0.099415205
202	0.128362573
203	0.085137085
205	0.115204678
206	0.099415205
208	0.091520468
209	0.098124098
211	0.141520468
212	0.082539683
214	0.125730994
215	0.077344877
216	0.112573099
218	0.141520468
219	0.124740741
221	0.074747475
222	0.115204678
223	0.111111111
224	0.142279942
225	0.142279942
226	0.089173789
227	0.104558405
228	0.104678363
229	0.087734488
231	0.08625731
232	0.148148148
233	0.104678363
234	0.131890332
235	0.124098124
235.1	0.121500722
236	0.10968661
237	0.10968661
238	0.138888889
240	0.165204678
241	0.13625731
242	0.094301994
243	0.116305916
244	0.111111111
245	0.096783626
246	0.100721501
247	0.08625731
248	0.170467836
249	0.114930556
250	0.104678363
251	0.079407407
252	0.091520468
253	0.112573099
254	0.105916306
255	0.128362573
256	0.096866097
256.1	0.099430199
258	0.087734488
259	0.100721501
262	0.096783626
263	0.096866097
264	0.123099415
265	0.113708514
266	0.112250712
267	0.117836257
268	0.112573099
269	0.087734488
270	0.112573099
271	0.133625731
272	0.104678363
273	0.105916306
274	0.107309942
275	0.115204678
276	0.126695527
276.1	0.134487734
277	0.130994152
278	0.111111111
279	0.107309942
280	0.112573099
281	0.10994152
282	0.123099415
283	0.115204678
284	0.099415205
285	0.122507123
286	0.112573099
287	0.078362573
288	0.09033189
289	0.141520468
290	0.133625731
291	0.10994152
292	0.167836257
293	0.093993994
294	0.09033189
295	0.123099415
296	0.121500722
297	0.189033189
298	0.120467836
299	0.099415205
300	0.117836257
301	0.085137085
302	0.178917379
303	0.096783626
304	0.137085137
305	0.098124098
306	0.087734488
307	0.189033189
308	0.099415205
309	0.112573099
310	0.104678363
311	0.152046784
312	0.124098124
313	0.157864358
314	0.141520468
316	0.173099415
318	0.096866097
320	0.107309942
321	0.125730994
323	0.10994152
325	0.16046176
326	0.125730994
327	0.100721501
328	0.128362573
329	0.129292929
330	0.102046784
331	0.107309942
332	0.127635328
333	0.120467836
334	0.096783626
335	0.112573099
336	0.151407407
337	0.107309942
338	0.082539683
339	0.111111111
340	0.095526696
341	0.098124098
342	0.09033189
343	0.099415205
344	0.115204678
345	0.09033189
346	0.094152047
347	0.100721501
348	0.080994152
349	0.076353276
350	0.096783626
351	0.104678363
352	0.082074074
353	0.102046784
354	0.095526696
355	0.120467836
356	0.227994228
357	0.095526696
358	0.098124098
359	0.085137085
360	0.085137085
361	0.104678363
362	0.091520468
363	0.120467836
364	0.131890332
365	0.08625731
367	0.100721501
368	0.13625731
369	0.103318903
370	0.104678363
371	0.142279942
373	0.10994152
374	0.08625731
375	0.183625731
376	0.103318903
377	0.113708514
378	0.103318903
380	0.134487734
381	0.077344877
383	0.128362573
384	0.108298172
385	0.115204678
386	0.100721501
387	0.077344877
389	0.112573099
390	0.085137085
391	0.104678363
392	0.107309942
393	0.123099415
394	0.096783626
395	0.085137085
396	0.095526696
397	0.096783626
398	0.089173789
399	0.098124098
400	0.084045584
401	0.088888889
402	0.07994228
403	0.100721501
404	0.096783626
405	0.086609687
406	0.133625731
407	0.09033189
408	0.120467836
409	0.120467836
410	0.099430199
411	0.091520468
412	0.099415205
413	0.101994302
414	0.094152047
415	0.089173789
416	0.125730994
417	0.141520468
418	0.138888889
419	0.104678363
421	0.125730994
422	0.100721501
424	0.103318903
425	0.137085137
426	0.115204678
427	0.100721501
428	0.131890332
429	0.112573099
430	0.175730994
432	0.102046784
433	0.098124098
434	0.116305916
435	0.088888889
436	0.105916306
437	0.147474747
438	0.098124098
439	0.099415205
440	0.096783626
441	0.132763533
442	0.125730994
444	0.095526696
445	0.144152047
446	0.124098124
447	0.09033189
448	0.116305916
449	0.120467836
450	0.115204678
451	0.083625731
452	0.125730994
453	0.096783626
454	0.125730994
455	0.102046784
456	0.096783626
457	0.102046784
458	0.100721501
459	0.150712251
461	0.095526696
462	0.104678363
463	0.108513709
464	0.124098124
465	0.13625731
467	0.082539683
468	0.082539683
469	0.099415205
470	0.118903319
471	0.10994152
472	0.096783626
473	0.104678363
474	0.114814815
476	0.100721501
477	0.118903319
479	0.129292929
480	0.104558405
482	0.107122507
483	0.091520468
484	0.107309942
486	0.103318903
487	0.118903319
488	0.104678363
489	0.075730994
490	0.09033189
491	0.118903319
492	0.085137085
493	0.13968254
494	0.092929293
495	0.126695527
496	0.095526696
497	0.091520468
498	0.094152047
499	0.171225071
500	0.091520468
501	0.123099415
502	0.085137085
503	0.091737892
504	0.095526696
505	0.085137085
506	0.077344877
507	0.094152047
508	0.098124098
510	0.104678363
511	0.083625731
512	0.111111111
513	0.137085137
514	0.085137085
515	0.075730994
516	0.118903319
517	0.096866097
518	0.128362573
519	0.152669553
520	0.13625731
521	0.112573099
522	0.089173789
523	0.09033189
524	0.102046784
525	0.22020202
526	0.13625731
527	0.088045007
528	0.181240981
530	0.112573099
531	0.150712251
532	0.117836257
533	0.094152047
535	0.077344877
536	0.121500722
537	0.125730994
538	0.082539683
539	0.081481481
540	0.095526696
541	0.082539683
542	0.10994152
544	0.092929293
545	0.130994152
547	0.104678363
548	0.162074074
549	0.111111111
550	0.112250712
551	0.083625731
552	0.125730994
553	0.107309942
554	0.102046784
555	0.112573099
556	0.104678363
557	0.120467836
558	0.111111111
559	0.113708514
560	0.083625731
561	0.107309942
562	0.096783626
563	0.134487734
564	0.117836257
565	0.137085137
566	0.112573099
567	0.100740741
568	0.107309942
569	0.098124098
570	0.120467836
571	0.176046176
572	0.178362573
573	0.16046176
574	0.100721501
575	0.08625731
576	0.099415205
577	0.088888889
578	0.096783626
579	0.125730994
580	0.13625731
581	0.092929293
582	0.09033189
583	0.096783626
584	0.129292929
585	0.088045007
586	0.07994228
587	0.144152047
588	0.123099415
589	0.102046784
590	0.096783626
591	0.094152047
592	0.09033189
593	0.10994152
594	0.102046784
595	0.09033189
596	0.080994152
597	0.165204678
598	0.107309942
599	0.13625731
600	0.147474747
601	0.07994228
602	0.083625731
603	0.083625731
604	0.116305916
605	0.094152047
606	0.087734488
607	0.13968254
608	0.118903319
609	0.082539683
610	0.105916306
611	0.094301994
612	0.07994228
613	0.08625731
614	0.07994228
615	0.095526696
616	0.096783626
617	0.115204678
618	0.091520468
620	0.105916306
621	0.087734488
622	0.088888889
623	0.121500722
624	0.081481481
625	0.10994152
626	0.144152047
627	0.099430199
628	0.085137085
629	0.112573099
630	0.107309942
631	0.10994152
632	0.101994302
633	0.115204678
634	0.128362573
635	0.09033189
636	0.099415205
637	0.088888889
638	0.107309942
639	0.10994152
640	0.112573099
641	0.104558405
642	0.091520468
643	0.165656566
644	0.092929293
645	0.088888889
646	0.125730994
647	0.092929293
648	0.088888889
649	0.137085137
650	0.10994152
651	0.117836257
652	0.111111111
653	0.107309942
654	0.105916306
655	0.090793651
656	0.07994228
657	0.092929293
658	0.094152047
659	0.070323488
660	0.081481481
661	0.098124098
662	0.08625731
663	0.123099415
664	0.094152047
665	0.134487734
666	0.100721501
667	0.117378917
668	0.095526696
669	0.086609687
670	0.083625731
671	0.113708514
672	0.123099415
673	0.124098124
674	0.10323488
675	0.131890332
676	0.115204678
677	0.125730994
678	0.092929293
679	0.076353276
680	0.141520468
681	0.078362573
682	0.095526696
683	0.102046784
684	0.077918425
685	0.117836257
686	0.125730994
687	0.130994152
688	0.096783626
689	0.104678363
690	0.125730994
691	0.124098124
692	0.108513709
693	0.08625731
694	0.075730994
695	0.108513709
696	0.112573099
697	0.112573099
698	0.08625731
699	0.113708514
700	0.08625731
701	0.092929293
702	0.13968254
703	0.096783626
704	0.091520468
705	0.125730994
706	0.099415205
707	0.091520468
708	0.116305916
709	0.10994152
710	0.107309942
711	0.115893108
712	0.121500722
713	0.078362573
714	0.103318903
715	0.202046784
716	0.080994152
717	0.092929293
718	0.073099415
719	0.104678363
720	0.092929293
721	0.088888889
722	0.07994228
724	0.083625731
725	0.084045584
726	0.105766526
727	0.082539683
728	0.103318903
729	0.104678363
730	0.094152047
731	0.104678363
732	0.094152047
733	0.080994152
734	0.08625731
735	0.141520468
736	0.121500722
737	0.098124098
738	0.092929293
739	0.082539683
740	0.104678363
741	0.116305916
742	0.088888889
743	0.094152047
744	0.108513709
745	0.144152047
746	0.087734488
747	0.087734488
748	0.092929293
749	0.087734488
750	0.078362573
751	0.10994152
752	0.103318903
753	0.080994152
754	0.095526696
755	0.099415205
756	0.08625731
757	0.089173789
758	0.120467836
759	0.07994228
760	0.130994152
761	0.124098124
762	0.113708514
763	0.099415205
764	0.102046784
765	0.107309942
766	0.149415205
767	0.125730994
768	0.131890332
769	0.111111111
770	0.089173789
771	0.094152047
772	0.086609687
773	0.099415205
774	0.099415205
775	0.094152047
776	0.134487734
777	0.104678363
778	0.117836257
779	0.144152047
780	0.118903319
781	0.157309942
782	0.112573099
783	0.103318903
784	0.077344877
785	0.077918425
786	0.112573099
787	0.149415205
788	0.099430199
789	0.130994152
790	0.114814815
791	0.081481481
792	0.087734488
793	0.107309942
795	0.078917379
796	0.094152047
797	0.104678363
798	0.107309942
799	0.183625731
801	0.123099415
803	0.091520468
805	0.073099415
806	0.128362573
807	0.10994152
808	0.125730994
809	0.07994228
810	0.098124098
811	0.098124098
812	0.082539683
814	0.104678363
815	0.10994152
816	0.115204678
817	0.102046784
818	0.094152047
819	0.087734488
820	0.083625731
821	0.112573099
822	0.128362573
823	0.075730994
824	0.094152047
825	0.112573099
826	0.078362573
827	0.088888889
828	0.117836257
829	0.07994228
830	0.102046784
831	0.094152047
832	0.095526696
833	0.091520468
834	0.104678363
835	0.125730994
836	0.108513709
837	0.088888889
838	0.128362573
839	0.115204678
840	0.094152047
841	0.080994152
842	0.08625731
843	0.120467836
844	0.102046784
845	0.102046784
846	0.117836257
847	0.083625731
848	0.125730994
849	0.107309942
850	0.087734488
851	0.08625731
852	0.111111111
853	0.077344877
854	0.14045584
855	0.178362573
856	0.146783626
857	0.146783626
858	0.138888889
859	0.117836257
860	0.133625731
861	0.183625731
862	0.091520468
863	0.129292929
864	0.096783626
865	0.125730994
866	0.117836257
867	0.115204678
868	0.125730994
869	0.128362573
870	0.141520468
871	0.107309942
872	0.128362573
873	0.149415205
874	0.102046784
875	0.105916306
876	0.091520468
877	0.088888889
878	0.09033189
879	0.099415205
880	0.10994152
881	0.107309942
882	0.115204678
883	0.124098124
884	0.112573099
885	0.123099415
887	0.117836257
888	0.088888889
889	0.086609687
890	0.134487734
891	0.107309942
893	0.095526696
895	0.115204678
896	0.104678363
898	0.083625731
899	0.09033189
900	0.112573099
901	0.094152047
902	0.104678363
903	0.147474747
905	0.130994152
906	0.099415205
908	0.178362573
909	0.243578644
910	0.243578644
911	0.157309942
912	0.15994152
914	0.108513709
915	0.167836257
916	0.175730994
918	0.10994152
919	0.126695527
921	0.196783626
922	0.170851371
924	0.152046784
925	0.183838384
927	0.098124098
929	0.120467836
930	0.103318903
932	0.075730994
934	0.11994302
936	0.080994152
937	0.107309942
939	0.099415205
940	0.111111111
941	0.133625731
943	0.082539683
944	0.117836257
945	0.130994152
947	0.125071225
949	0.105916306
950	0.104558405
951	0.165204678
952	0.102046784
953	0.102046784
954	0.077344877
955	0.133625731
956	0.111111111
957	0.115204678
958	0.102046784
959	0.149415205
960	0.15994152
961	0.080994152
962	0.142279942
964	0.077344877
965	0.173448773
966	0.123099415
967	0.105916306
968	0.112573099
969	0.10994152
970	0.088271605
972	0.096866097
974	0.108513709
975	0.085137085
976	0.099415205
977	0.107309942
978	0.113708514
979	0.089173789
980	0.167836257
981	0.146783626
982	0.202046784
983	0.149415205
984	0.117836257
985	0.130994152
986	0.167836257
987	0.134487734
988	0.098124098
989	0.091520468
990	0.117836257
991	0.15994152
992	0.199415205
993	0.155266955
994	0.141520468
995	0.112573099
996	0.085137085
997	0.115204678
998	0.117836257
999	0.148148148
1000	0.113708514
1001	0.175730994
1002	0.113708514
1003	0.099415205
1004	0.204678363
1006	0.154678363
1007	0.091737892
1008	0.157309942
1009	0.125730994
1010	0.113708514
1011	0.113708514
1012	0.099415205
1013	0.088888889
1014	0.175730994
1015	0.126695527
1016	0.144152047
1017	0.096783626
1023	0.116305916
1024	0.112573099
1025	0.133625731
1026	0.128551336
1027	0.083625731
1028	0.096783626
1029	0.120467836
1030	0.157309942
1031	0.100721501
1032	0.104678363
1033	0.108513709
1034	0.143019943
1035	0.183838384
1036	0.08625731
1037	0.15994152
1038	0.074747475
1039	0.128362573
1040	0.144152047
1041	0.088888889
1042	0.146783626
1043	0.092929293
1044	0.10994152
1045	0.130994152
1046	0.149415205
1048	0.131890332
1049	0.099415205
1051	0.173099415
1052	0.15994152
1054	0.146783626
1055	0.149415205
1056	0.100721501
1057	0.091520468
1058	0.13625731
1060	0.123099415
1061	0.13625731
1063	0.130994152
1064	0.088888889
1066	0.152046784
1067	0.107309942
1068	0.108513709
1069	0.117836257
1070	0.152669553
1071	0.154678363
1072	0.178643579
1073	0.112573099
1074	0.124098124
1075	0.170467836
1076	0.157309942
1077	0.194227994
1078	0.103318903
1079	0.196783626
1080	0.13625731
1081	0.15007215
1082	0.173099415
1083	0.142279942
1084	0.162573099
1085	0.100721501
1086	0.107309942
1087	0.16046176
1088	0.178362573
1089	0.098124098
1090	0.133625731
1091	0.083625731
1092	0.15994152
1093	0.108740741
1094	0.079407407
1095	0.152046784
1096	0.115204678
1097	0.101994302
1098	0.10323488
1099	0.107309942
1100	0.120467836
1101	0.15007215
1102	0.162573099
1103	0.181240981
1104	0.176046176
1105	0.191630592
1106	0.173099415
1107	0.196783626
1108	0.173099415
1109	0.191520468
1110	0.149415205
1111	0.173448773
1112	0.157309942
1113	0.14045584
1114	0.125730994
1115	0.102046784
1116	0.146783626
1117	0.104678363
1118	0.094152047
1119	0.141520468
1120	0.130994152
1121	0.125730994
1122	0.15994152
1123	0.180994152
1124	0.152046784
1125	0.133625731
1126	0.173099415
1127	0.171225071
1128	0.194227994
1129	0.096783626
1130	0.13625731
1131	0.154678363
1132	0.081481481
1133	0.146783626
1134	0.154678363
1135	0.130994152
1136	0.125730994
1137	0.102046784
1138	0.15007215
1139	0.154678363
1140	0.102046784
1141	0.20994152
1142	0.125730994
1143	0.186435786
1144	0.080994152
1145	0.092929293
1146	0.10994152
1147	0.084045584
1148	0.133625731
1149	0.107122507
1150	0.083625731
1151	0.088888889
1152	0.087734488
1153	0.083625731
1154	0.091520468
1155	0.10968661
1156	0.099415205
1157	0.07994228
1158	0.104678363
1159	0.112573099
1160	0.13625731
1161	0.096783626
1162	0.107309942
1163	0.116305916
1164	0.098124098
1165	0.094152047
1166	0.08625731
1167	0.107309942
1168	0.104558405
1169	0.108513709
1170	0.08625731
1171	0.126695527
1172	0.099415205
1173	0.129292929
1174	0.112573099
1175	0.111111111
1176	0.13968254
1177	0.20981241
1178	0.102046784
1179	0.096783626
1180	0.117836257
1181	0.102046784
1182	0.102046784
1183	0.094152047
1184	0.107309942
1185	0.115204678
1186	0.083625731
1187	0.131890332
1188	0.098124098
1189	0.104678363
1190	0.10994152
1191	0.14374121
1192	0.104678363
1193	0.115204678
1194	0.088888889
1195	0.099415205
1196	0.094152047
1197	0.112250712
1198	0.088888889
1199	0.091520468
1200	0.111111111
1201	0.103318903
1202	0.095526696
1203	0.116305916
1204	0.121500722
1205	0.080994152
1206	0.094152047
1207	0.10994152
1208	0.099415205
1209	0.141520468
1210	0.112573099
1211	0.087734488
1212	0.082539683
1213	0.085137085
1214	0.10994152
1215	0.121500722
1216	0.120467836
1217	0.094152047
1218	0.122507123
1219	0.081481481
1220	0.091520468
1221	0.105916306
1222	0.126695527
1223	0.125730994
1224	0.115204678
1225	0.167836257
1226	0.088888889
1227	0.123099415
1228	0.094152047
1229	0.129292929
1230	0.117836257
1231	0.128362573
1232	0.116305916
1233	0.095526696
1234	0.112573099
1235	0.094152047
1236	0.087734488
1237	0.117836257
1238	0.108513709
1239	0.108513709
1240	0.09033189
1241	0.146783626
1242	0.10994152
1243	0.123099415
1244	0.111111111
1245	0.084045584
1246	0.101994302
1247	0.152046784
1248	0.088888889
1249	0.130994152
1250	0.094152047
1251	0.18625731
1252	0.120467836
1253	0.096783626
1254	0.095526696
1255	0.105916306
1256	0.111111111
1257	0.07994228
1258	0.071225071
1259	0.096783626
1260	0.103318903
1261	0.083625731
1262	0.125730994
1263	0.102046784
1264	0.104558405
1265	0.125730994
1266	0.112573099
1268	0.100721501
1269	0.091520468
1270	0.128362573
1271	0.092929293
1296	0.099415205
1297	0.099415205
1298	0.094152047
1299	0.115204678
1300	0.099415205
1301	0.115204678
1302	0.108513709
1303	0.111111111
1304	0.107309942
1305	0.150712251
1306	0.104678363
1307	0.11994302
1308	0.137085137
1309	0.112250712
1310	0.128362573
1311	0.108513709
1312	0.099415205
1313	0.115204678
1314	0.116305916
1315	0.096783626
1316	0.129292929
1317	0.104678363
1318	0.131890332
1319	0.099415205
1320	0.09033189
1321	0.112573099
1322	0.108513709
1323	0.13625731
1324	0.086609687
1325	0.091520468
1326	0.112573099
1327	0.096783626
1328	0.08625731
1329	0.096783626
1330	0.120467836
1331	0.120467836
1332	0.115204678
1333	0.128362573
1334	0.112573099
1335	0.103318903
1336	0.104678363
1337	0.13625731
1338	0.091520468
1339	0.094152047
1340	0.087734488
1341	0.149415205
1342	0.112573099
1343	0.117836257
1344	0.083625731
1345	0.124098124
1346	0.130994152
1347	0.10994152
1348	0.100721501
1349	0.095526696
1350	0.126695527
1351	0.088888889
1352	0.080994152
1353	0.117836257
1354	0.083625731
1355	0.123099415
1356	0.125730994
1357	0.100721501
1358	0.104678363
1359	0.152046784
1360	0.102046784
1361	0.096783626
1362	0.087734488
1363	0.094152047
1364	0.087734488
1365	0.08625731
1366	0.144152047
1367	0.094152047
1368	0.105916306
1369	0.130994152
1370	0.083625731
1371	0.104678363
1372	0.141520468
1373	0.126695527
1374	0.13625731
1375	0.103318903
1376	0.090074074
1377	0.117378917
1378	0.130994152
1379	0.142279942
1380	0.170851371
1381	0.117836257
1382	0.111111111
1383	0.165656566
1384	0.129292929
1385	0.112250712
1386	0.091520468
1387	0.112573099
1388	0.080994152
1389	0.074747475
1390	0.121500722
1391	0.078362573
1392	0.078362573
1393	0.074747475
1394	0.092929293
1395	0.083625731
1396	0.083625731
1397	0.098124098
1398	0.096783626
1399	0.08625731
1400	0.08625731
1401	0.07994228
1402	0.107309942
1404	0.146783626
1405	0.108513709
1406	0.095526696
1407	0.100721501
1408	0.085137085
1409	0.096783626
1410	0.104678363
1411	0.105916306
1412	0.083625731
1413	0.144152047
1414	0.091520468
1415	0.120467836
1416	0.104678363
1417	0.111111111
1418	0.126695527
1419	0.091520468
1420	0.091520468
1421	0.112573099
1422	0.133625731
1423	0.078362573
1424	0.10994152
1425	0.083625731
1426	0.082539683
1427	0.130994152
1430	0.10994152
1431	0.104678363
1432	0.102046784
1433	0.165204678
1434	0.088888889
1435	0.115204678
1436	0.095526696
1437	0.080994152
1438	0.07994228
1439	0.082539683
1440	0.085137085
1441	0.080994152
1442	0.096783626
1443	0.098124098
1444	0.087734488
1445	0.088888889
1446	0.120467836
1447	0.096783626
1448	0.112573099
1449	0.120467836
1450	0.082539683
1451	0.129292929
1452	0.120467836
1454	0.098124098
1455	0.115204678
1456	0.088888889
1457	0.096783626
1458	0.102046784
1459	0.100721501
1460	0.096783626
1461	0.099415205
1462	0.13625731
1463	0.112573099
1464	0.104678363
1465	0.102046784
1466	0.094152047
1467	0.075730994
1468	0.075730994
1469	0.077344877
1470	0.130994152
1471	0.091520468
1472	0.080994152
1473	0.092929293
1474	0.107309942
1475	0.08625731
1476	0.103318903
1477	0.094152047
1478	0.091520468
1479	0.078362573
1480	0.092929293
1481	0.077344877
1482	0.078362573
1483	0.08625731
1484	0.078362573
1485	0.13625731
1486	0.078362573
1487	0.094152047
1488	0.083625731
1489	0.088888889
1490	0.099415205
1491	0.107309942
1492	0.086609687
1493	0.075730994
1494	0.088888889
1495	0.102046784
1496	0.091520468
1497	0.080994152
1498	0.091520468
1499	0.096783626
1500	0.104678363
1501	0.105916306
1502	0.108740741
1503	0.105916306
1504	0.096783626
1505	0.111111111
1506	0.102046784
1508	0.131890332
1509	0.091520468
1510	0.089173789
1511	0.112573099
1512	0.094152047
1513	0.076353276
1514	0.103318903
1515	0.083625731
1516	0.091520468
1517	0.092740741
1518	0.141520468
1519	0.196783626
1521	0.120467836
1522	0.162573099
1523	0.102046784
1524	0.196783626
1525	0.11994302
1526	0.091520468
1527	0.180994152
1528	0.13625731
1529	0.142279942
1530	0.125730994
1531	0.138888889
1532	0.083625731
1533	0.103318903
1534	0.120467836
1535	0.107309942
1536	0.098124098
1537	0.096783626
1539	0.144152047
1540	0.077344877
1541	0.080994152
1542	0.074747475
1543	0.099430199
1544	0.133625731
1545	0.178362573
1546	0.134487734
1548	0.103318903
1550	0.08625731
1551	0.125730994
1552	0.096783626
1553	0.118903319
1554	0.133625731
1555	0.113708514
1556	0.09033189
1557	0.152046784
1558	0.117836257
1559	0.078362573
1560	0.092541857
1561	0.080994152
1562	0.111111111
1563	0.091520468
1564	0.103318903
1565	0.123099415
1566	0.125730994
1567	0.105916306
1568	0.094152047
1569	0.128362573
1570	0.099415205
1571	0.107309942
1572	0.08625731
1573	0.105916306
1574	0.095526696
1575	0.111111111
1576	0.144877345
1577	0.112573099
1578	0.096783626
1579	0.087734488
1580	0.078362573
1581	0.117836257
1582	0.092929293
1583	0.123099415
1584	0.111111111
1585	0.091520468
1586	0.100721501
1587	0.154678363
1588	0.10994152
1589	0.088888889
1590	0.080994152
1591	0.129292929
1592	0.13019943
1593	0.08625731
1594	0.087734488
1595	0.077344877
1596	0.124098124
1597	0.082539683
1598	0.078362573
1599	0.105916306
1600	0.091520468
1601	0.095526696
1602	0.075730994
1603	0.075730994
1604	0.112573099
1605	0.094152047
1606	0.102046784
1607	0.078362573
1608	0.092929293
1609	0.099415205
1611	0.083625731
1612	0.087734488
1613	0.125730994
1614	0.13625731
1615	0.118903319
1616	0.146783626
1617	0.10994152
1618	0.094152047
1619	0.103318903
1620	0.100721501
1621	0.082539683
1622	0.078362573
1623	0.099415205
1624	0.138888889
1625	0.20981241
1626	0.10994152
1627	0.083625731
1628	0.091520468
1630	0.094152047
1631	0.123099415
1632	0.085137085
1633	0.112573099
1634	0.107309942
1635	0.155840456
1636	0.09033189
1637	0.133625731
1638	0.199422799
1639	0.125730994
1640	0.133625731
1641	0.096783626
1642	0.104678363
1643	0.112573099
1644	0.078362573
1645	0.10994152
1646	0.144152047
1647	0.083625731
1648	0.091520468
1649	0.083625731
1650	0.120467836
1651	0.083625731
1652	0.133625731
1653	0.085137085
1654	0.099415205
1655	0.102046784
1656	0.095526696
1657	0.120467836
1658	0.100721501
1659	0.112250712
1660	0.115204678
1661	0.178362573
1662	0.082539683
1663	0.125730994
1664	0.120467836
1665	0.094152047
1666	0.096783626
1667	0.088888889
1668	0.087734488
1669	0.092929293
1670	0.080994152
1671	0.091520468
1672	0.126695527
1673	0.091520468
1674	0.10994152
1675	0.104678363
1676	0.094152047
1677	0.138888889
1678	0.107122507
1679	0.121500722
1680	0.123099415
1681	0.088888889
1682	0.112573099
1683	0.107309942
1684	0.111111111
1685	0.199415205
1686	0.175730994
1687	0.112573099
1688	0.083625731
1689	0.09033189
1690	0.121500722
1691	0.107309942
1692	0.116305916
1693	0.115204678
1694	0.094152047
1695	0.137085137
1696	0.111111111
1697	0.09033189
1698	0.088888889
1699	0.120467836
1700	0.126695527
1701	0.167836257
1702	0.09033189
1703	0.107309942
1704	0.152046784
1705	0.096783626
1706	0.096783626
1707	0.102046784
1708	0.094152047
1709	0.130994152
1710	0.112573099
1711	0.189033189
1712	0.170467836
1713	0.113708514
1714	0.178362573
1715	0.10994152
1716	0.096783626
1717	0.13625731
1718	0.130994152
1719	0.099415205
1720	0.175730994
1721	0.202020202
1722	0.165656566
1723	0.244152047
1724	0.146783626
1725	0.217604618
1726	0.08625731
1727	0.088888889
1728	0.165204678
1729	0.103318903
1730	0.10994152
1731	0.098124098
1732	0.117836257
1733	0.112573099
1734	0.102046784
1735	0.147474747
1736	0.256565657
1737	0.183625731
1739	0.095526696
1741	0.117836257
1743	0.092929293
1745	0.104678363
1746	0.083625731
1748	0.115204678
1750	0.113708514
1752	0.092929293
1754	0.117836257
1756	0.104678363
1758	0.117836257
1760	0.100740741
1762	0.099415205
1763	0.149415205
1765	0.202046784
1766	0.078917379
1767	0.10994152
1768	0.103318903
1769	0.08625731
1770	0.124740741
1771	0.116305916
1772	0.099415205
1773	0.083625731
1774	0.121500722
1775	0.133625731
1776	0.117836257
1777	0.099430199
1778	0.129292929
1779	0.107309942
1781	0.094152047
1782	0.123099415
1783	0.085137085
1784	0.112573099
1786	0.123099415
1788	0.108513709
1789	0.09033189
1791	0.107309942
1793	0.133625731
1794	0.115204678
1795	0.112573099
1796	0.10994152
1797	0.111111111
1798	0.146783626
1799	0.08625731
1802	0.123099415
1803	0.123099415
1805	0.091520468
1806	0.095526696
1808	0.116305916
1810	0.115204678
1811	0.087734488
1812	0.10994152
1813	0.113708514
1814	0.094152047
1815	0.096783626
1816	0.115204678
1817	0.099382716
1818	0.117836257
1819	0.083625731
1820	0.074747475
1821	0.104678363
1822	0.102046784
1823	0.099415205
1824	0.083625731
1825	0.102046784
1826	0.080994152
1827	0.095526696
1828	0.107309942
1829	0.094152047
1830	0.100721501
1831	0.112573099
1832	0.075730994
1833	0.103318903
1834	0.094152047
1835	0.08625731
1836	0.075730994
1837	0.08625731
1838	0.082981716
1839	0.115204678
1840	0.075730994
1841	0.149415205
1842	0.103318903
1843	0.102046784
1844	0.104678363
1845	0.088888889
1846	0.115204678
1847	0.130994152
1848	0.13625731
1849	0.138888889
1850	0.107309942
1851	0.096783626
1852	0.176046176
1853	0.125730994
1854	0.099415205
1855	0.083625731
1856	0.083625731
1857	0.091520468
1858	0.120467836
1859	0.094152047
1860	0.115204678
1861	0.144152047
1862	0.096783626
1863	0.118903319
1864	0.102046784
1865	0.112573099
1866	0.091520468
1867	0.120467836
1868	0.176353276
1869	0.075730994
1870	0.075730994
1871	0.091520468
1872	0.104678363
1873	0.10994152
1874	0.133625731
1875	0.096783626
1876	0.120467836
1877	0.083625731
1878	0.163059163
1879	0.094152047
1880	0.088888889
1881	0.102046784
1882	0.131890332
1883	0.103318903
1884	0.112573099
1885	0.102046784
1886	0.121500722
1889	0.107309942
1890	0.091520468
1891	0.154678363
1892	0.094152047
1893	0.107309942
1894	0.116305916
1895	0.077344877
1896	0.104678363
1897	0.118903319
1898	0.102046784
1899	0.115204678
1900	0.104678363
1901	0.095526696
1902	0.10994152
1903	0.083625731
1904	0.111111111
1905	0.10994152
1906	0.094152047
1907	0.072150072
1908	0.126695527
1909	0.120467836
1910	0.099415205
1911	0.13625731
1912	0.095526696
1913	0.120467836
1914	0.107309942
1915	0.091520468
1916	0.083625731
1917	0.112573099
1918	0.094152047
1919	0.128362573
1920	0.08625731
1921	0.154678363
1922	0.099415205
1923	0.102046784
1924	0.117836257
1925	0.107309942
1926	0.112573099
1927	0.105916306
1928	0.091520468
1929	0.088888889
1930	0.107309942
1931	0.105916306
1932	0.080994152
1933	0.075730994
1934	0.085137085
1935	0.091520468
1936	0.098124098
1938	0.115204678
1939	0.123099415
1940	0.078362573
1941	0.087734488
1942	0.075730994
1943	0.091520468
1944	0.075730994
1945	0.083625731
1946	0.08625731
1947	0.125730994
1948	0.102046784
1949	0.102046784
1950	0.080994152
1951	0.099415205
1952	0.108740741
1953	0.137085137
1954	0.118903319
1955	0.088888889
1956	0.085137085
1957	0.073789174
1958	0.10994152
1959	0.107309942
1960	0.10994152
1961	0.099415205
1962	0.091520468
1963	0.078362573
1964	0.074747475
1965	0.107309942
1966	0.152669553
1967	0.113708514
1968	0.088888889
1969	0.112573099
1970	0.112573099
1971	0.113708514
1972	0.107309942
1973	0.117836257
1974	0.107309942
1975	0.126695527
1976	0.102046784
1977	0.128362573
1978	0.104678363
1979	0.073099415
1980	0.120467836
1981	0.10994152
1982	0.096783626
1983	0.08625731
1984	0.104678363
1985	0.084045584
1986	0.112573099
1987	0.111111111
1988	0.115204678
1989	0.094152047
1990	0.075730994
1991	0.08625731
1992	0.096783626
1993	0.09033189
1994	0.08625731
1995	0.126695527
1996	0.120467836
1997	0.144152047
1998	0.094152047
1999	0.107309942
2000	0.167836257
2001	0.170467836
2002	0.108513709
2003	0.138888889
2004	0.124098124
2005	0.092929293
2006	0.104678363
2007	0.152669553
2008	0.141520468
2009	0.091520468
2010	0.120467836
2011	0.129292929
2012	0.091520468
2013	0.133625731
2014	0.094152047
2015	0.131890332
2016	0.100721501
2017	0.096783626
2018	0.191520468
2019	0.130994152
2020	0.114814815
2021	0.116305916
2022	0.099415205
2023	0.100721501
2024	0.103318903
2025	0.103318903
2026	0.091520468
2027	0.123099415
2028	0.129292929
2029	0.184045584
2030	0.176046176
2031	0.092740741
2032	0.130994152
2033	0.165925926
2034	0.115204678
2035	0.126695527
2036	0.089173789
2037	0.128362573
2038	0.115204678
2039	0.101994302
2040	0.178362573
2041	0.123099415
2042	0.175730994
2043	0.154678363
2044	0.225396825
2045	0.199415205
2046	0.099415205
2047	0.178643579
2048	0.141520468
2049	0.22020202
2050	0.162573099
2051	0.120467836
2052	0.125730994
2053	0.13625731
2054	0.133625731
2055	0.157309942
2056	0.15007215
2057	0.152046784
2058	0.111111111
2059	0.138888889
2060	0.131890332
2061	0.125730994
2062	0.168253968
2063	0.162573099
2064	0.099415205
2065	0.121500722
2066	0.127407407
2067	0.173448773
2068	0.194152047
2069	0.154678363
2070	0.222799423
2071	0.175730994
2072	0.16046176
2073	0.117836257
2074	0.13625731
2075	0.118903319
2076	0.252046784
2077	0.155266955
2078	0.138888889
2079	0.104678363
2080	0.133625731
2081	0.173099415
2082	0.167836257
2083	0.130994152
2084	0.152046784
2085	0.130994152
2086	0.116305916
2087	0.152046784
2088	0.107122507
2090	0.123099415
2091	0.170851371
2093	0.167836257
2094	0.07994228
2095	0.102046784
2096	0.099415205
2097	0.082539683
2098	0.078362573
2099	0.088888889
2100	0.157864358
2101	0.098124098
2102	0.112573099
2103	0.088888889
2104	0.085137085
2105	0.088888889
2106	0.10994152
2107	0.088888889
2108	0.085137085
2109	0.077344877
2110	0.087734488
2111	0.165656566
2112	0.09033189
2113	0.110493827
2114	0.102046784
2115	0.099415205
2116	0.080994152
2117	0.098124098
2118	0.085137085
2119	0.08625731
2120	0.082539683
2121	0.078362573
2122	0.095526696
2123	0.116305916
2124	0.08625731
2125	0.083625731
2126	0.08625731
2127	0.104678363
2128	0.078362573
2129	0.104678363
2130	0.113708514
2131	0.104678363
2132	0.102046784
2133	0.13625731
2134	0.107309942
2135	0.114074074
2136	0.075730994
2137	0.107309942
2138	0.091520468
2139	0.191520468
2140	0.117836257
2141	0.112573099
2142	0.08625731
2143	0.094152047
2144	0.083625731
2145	0.092929293
2146	0.133625731
2147	0.116305916
2148	0.075730994
2149	0.115204678
2150	0.107309942
2151	0.10968661
2152	0.094152047
2153	0.104678363
2154	0.091520468
2155	0.102046784
2156	0.094152047
2157	0.115204678
2158	0.091520468
2159	0.168253968
2160	0.083625731
2161	0.178362573
2162	0.111111111
2163	0.123099415
2164	0.207309942
2165	0.128362573
2166	0.100721501
2167	0.091520468
2168	0.08625731
2169	0.07994228
2170	0.100721501
2171	0.104678363
2172	0.080994152
2173	0.07994228
2174	0.087734488
2175	0.080994152
2176	0.09033189
2177	0.096783626
2178	0.115204678
2179	0.099415205
2180	0.08625731
2181	0.091520468
2182	0.091520468
2183	0.091520468
2184	0.088888889
2185	0.120467836
2186	0.078362573
2187	0.088888889
2188	0.104678363
2189	0.083625731
2190	0.104678363
2191	0.082539683
2192	0.088888889
2193	0.080994152
2194	0.094152047
2195	0.091520468
2196	0.074747475
2197	0.078362573
2198	0.105916306
2199	0.099415205
2200	0.10994152
2201	0.09033189
2202	0.120467836
2203	0.091520468
2204	0.082539683
2205	0.120467836
2206	0.170467836
2207	0.091520468
2208	0.091520468
2209	0.088888889
2210	0.130994152
2211	0.099415205
2212	0.091520468
2213	0.094152047
2214	0.091520468
2215	0.104678363
2216	0.117836257
2217	0.098124098
2218	0.157309942
2219	0.083625731
2220	0.091520468
2221	0.126695527
2222	0.176046176
2223	0.126695527
2224	0.183625731
2225	0.112573099
2226	0.099415205
2227	0.125730994
2228	0.138888889
2229	0.189173789
2230	0.082539683
2231	0.099415205
2232	0.085137085
2233	0.138888889
2234	0.083625731
2235	0.08625731
2236	0.098124098
2237	0.08625731
2238	0.094152047
2239	0.088888889
2240	0.099415205
2241	0.162573099
2242	0.102046784
2243	0.088888889
2244	0.116305916
2245	0.08625731
2246	0.113708514
2247	0.115204678
2248	0.104678363
2249	0.103318903
2250	0.091520468
2251	0.094152047
2252	0.104678363
2253	0.125730994
2254	0.087734488
2255	0.072150072
2256	0.098124098
2257	0.096783626
2258	0.087734488
2259	0.104678363
2260	0.07994228
2261	0.112573099
2262	0.111111111
2263	0.099430199
2264	0.108513709
2265	0.102046784
2266	0.107122507
2267	0.094152047
2268	0.083625731
2269	0.148740741
2270	0.09033189
2271	0.125730994
2272	0.085137085
2273	0.096783626
2274	0.094152047
2275	0.105916306
2276	0.088888889
2277	0.102046784
2278	0.085513361
2279	0.094152047
2280	0.126695527
2281	0.092929293
2282	0.098124098
2283	0.138888889
2284	0.095526696
2285	0.100721501
2286	0.108513709
2287	0.104678363
2288	0.103318903
2289	0.099415205
2290	0.126695527
2291	0.115204678
2292	0.096783626
2293	0.074747475
2294	0.095526696
2295	0.104678363
2296	0.083625731
2297	0.103318903
2298	0.117836257
2299	0.144152047
2300	0.121500722
2301	0.118903319
2302	0.080994152
2303	0.098124098
2304	0.102046784
2305	0.105916306
2306	0.10994152
2307	0.077344877
2308	0.130994152
2309	0.087734488
2312	0.115204678
2313	0.094152047
2314	0.096783626
2315	0.088888889
2316	0.117836257
2317	0.104678363
2318	0.115204678
2319	0.10994152
2320	0.103318903
2321	0.09033189
2322	0.123099415
2323	0.088888889
2324	0.096783626
2325	0.162573099
2326	0.128362573
2327	0.118903319
2328	0.095526696
2329	0.095526696
2330	0.10994152
2331	0.08625731
2332	0.144152047
2333	0.104678363
2334	0.102046784
2335	0.07994228
2336	0.115204678
2337	0.096866097
2338	0.112573099
2339	0.100721501
2340	0.09033189
2341	0.07994228
2342	0.092929293
2343	0.087734488
2344	0.083625731
2345	0.120467836
2346	0.096783626
2347	0.108513709
2348	0.082074074
2349	0.149415205
2350	0.117836257
2368	0.091520468
2369	0.112573099
2370	0.099415205
2371	0.092929293
2372	0.073099415
2373	0.10994152
2374	0.102046784
2375	0.083625731
2376	0.092929293
2377	0.075730994
2378	0.106074074
2379	0.123099415
2380	0.122074074
2381	0.123099415
2382	0.120467836
2383	0.096783626
2384	0.104678363
2385	0.105916306
2386	0.082539683
2387	0.167836257
2388	0.10994152
2389	0.146783626
2390	0.083625731
2391	0.120467836
2392	0.103318903
2393	0.081481481
2394	0.096783626
2395	0.13625731
2396	0.124098124
2397	0.094152047
2398	0.10994152
2399	0.092929293
2400	0.074747475
2401	0.091520468
2402	0.116305916
2403	0.144152047
2404	0.089173789
2405	0.098124098
2406	0.094301994
2407	0.115204678
2408	0.130994152
2409	0.094152047
2410	0.108513709
2411	0.125730994
2412	0.07994228
2413	0.087734488
2414	0.098124098
2415	0.111111111
2416	0.146783626
2417	0.125730994
2418	0.082539683
2419	0.091520468
2420	0.146783626
2421	0.10994152
2422	0.157309942
2423	0.098124098
2424	0.117836257
2425	0.10323488
2426	0.083625731
2427	0.128362573
2428	0.138888889
2429	0.162074074
2430	0.15007215
2431	0.114814815
2432	0.13968254
2433	0.129292929
2434	0.080994152
2435	0.094301994
2436	0.081481481
2437	0.117836257
2438	0.077344877
2439	0.09033189
2440	0.104558405
2441	0.078362573
2442	0.096866097
2443	0.095526696
2444	0.08625731
2445	0.100721501
2446	0.115204678
2447	0.112573099
2448	0.100721501
2449	0.128362573
2450	0.15994152
2451	0.099415205
2452	0.085137085
2453	0.087734488
2454	0.09033189
2455	0.096783626
2456	0.134487734
2457	0.094152047
2458	0.13625731
2459	0.111111111
2460	0.10968661
2461	0.137085137
2462	0.147474747
2463	0.154678363
2464	0.128362573
2465	0.08625731
2466	0.095526696
2467	0.082539683
2468	0.095526696
2469	0.083625731
2470	0.127407407
2471	0.092929293
2472	0.117836257
2473	0.10994152
2474	0.102046784
2475	0.096866097
2476	0.09033189
2477	0.091737892
2478	0.126695527
2479	0.115204678
2480	0.08625731
2481	0.094152047
2482	0.091520468
2483	0.104678363
2484	0.124098124
2485	0.100721501
2486	0.108513709
2486.1	0.105916306
2487	0.120467836
2488	0.100721501
2489	0.138888889
2490	0.115204678
2491	0.112573099
2492	0.10994152
2493	0.104558405
2494	0.084045584
2495	0.10994152
2496	0.125730994
2497	0.112573099
2498	0.149415205
2499	0.091520468
2500	0.13968254
2501	0.152046784
2502	0.194152047
2503	0.10994152
2504	0.123099415
2505	0.082539683
2506	0.100721501
2507	0.08625731
2508	0.180994152
2509	0.178643579
2510	0.125730994
2511	0.138888889
2512	0.123099415
2513	0.141520468
2514	0.112573099
2515	0.09033189
2516	0.088888889
2517	0.083625731
2518	0.075730994
2519	0.094152047
2520	0.096783626
2521	0.141520468
2522	0.091520468
2523	0.09033189
2524	0.105916306
2525	0.080994152
2526	0.128362573
2527	0.098124098
2528	0.09033189
2529	0.125730994
2530	0.104678363
2531	0.099415205
2532	0.183625731
2533	0.07994228
2534	0.103318903
2535	0.087734488
2536	0.116305916
2537	0.104678363
2538	0.102046784
2539	0.128362573
2540	0.111111111
2541	0.087734488
2542	0.100721501
2543	0.107309942
2544	0.099415205
2545	0.141520468
2546	0.099415205
2547	0.087734488
2548	0.102046784
2549	0.088888889
2550	0.121500722
2551	0.102046784
2552	0.083625731
2553	0.08045007
2554	0.130994152
2555	0.143407407
2556	0.130994152
2557	0.082539683
2558	0.083625731
2559	0.104678363
2560	0.102046784
2561	0.078362573
2562	0.091737892
2563	0.123099415
2564	0.162573099
2565	0.102046784
2566	0.077344877
2567	0.07994228
2568	0.10994152
2569	0.120467836
2570	0.107309942
2571	0.09033189
2572	0.10994152
2573	0.108513709
2574	0.09033189
2575	0.152669553
2576	0.105916306
2577	0.096783626
2578	0.117836257
2579	0.107309942
2580	0.094152047
2581	0.081481481
2582	0.102046784
2583	0.125730994
2584	0.082539683
2585	0.121500722
2586	0.09033189
2587	0.092929293
2588	0.130994152
2589	0.116305916
2590	0.128362573
2591	0.095526696
2592	0.077344877
2593	0.134487734
2594	0.104558405
2595	0.099415205
2596	0.088888889
2597	0.083625731
2598	0.095526696
2599	0.099415205
2600	0.107309942
2601	0.095526696
2602	0.115204678
2603	0.113708514
2604	0.073099415
2605	0.099415205
2606	0.099430199
2607	0.096783626
2608	0.102046784
2609	0.080994152
2610	0.180994152
2611	0.107309942
2612	0.075730994
2613	0.130994152
2614	0.125730994
2614.1	0.138888889
2614.2	0.13625731
2615	0.098124098
2616	0.121500722
2617	0.10994152
2618	0.128362573
2619	0.088888889
2620	0.088888889
2621	0.085137085
2622	0.114814815
2623	0.099415205
2624	0.096783626
2625	0.07994228
2626	0.091520468
2627	0.094152047
2628	0.092929293
2628.1	0.09033189
2629	0.078362573
2630	0.096783626
2631	0.176046176
2632	0.117836257
2633	0.178362573
2634	0.146783626
2635	0.116305916
2636	0.108513709
2637	0.107309942
2638	0.104678363
2639	0.115204678
2640	0.094152047
2641	0.100721501
2642	0.096783626
2643	0.123099415
2644	0.104678363
2645	0.138888889
2646	0.082539683
2647	0.10994152
2648	0.088888889
2649	0.094152047
2650	0.081481481
2651	0.126695527
2652	0.115204678
2653	0.129292929
2654	0.124098124
2655	0.126695527
2656	0.116305916
2657	0.09033189
2658	0.125730994
2659	0.137085137
2660	0.141520468
2661	0.094152047
2662	0.115204678
2663	0.099415205
2664	0.111111111
2665	0.111111111
2666	0.112573099
2667	0.146783626
2668	0.10994152
2669	0.125730994
2670	0.207309942
2671	0.133625731
2672	0.149415205
2673	0.15994152
2674	0.091520468
2675	0.133625731
2676	0.133625731
2677	0.132763533
2678	0.13625731
2679	0.121500722
2680	0.137891738
2681	0.094152047
2682	0.102046784
2683	0.128362573
2684	0.111111111
2685	0.141520468
2686	0.104678363
2687	0.129292929
2688	0.082539683
2689	0.104678363
2690	0.080994152
2691	0.094152047
2692	0.102046784
2693	0.084045584
2694	0.104678363
2695	0.092929293
2696	0.103318903
2697	0.115204678
2697.1	0.10994152
2698	0.170851371
2699	0.152669553
2700	0.104678363
2701	0.191520468
2702	0.141520468
2703	0.125730994
2704	0.141520468
2705	0.178362573
2706	0.178643579
2707	0.123099415
2708	0.099415205
2709	0.113708514
2710	0.157309942
2711	0.107309942
2712	0.121500722
2713	0.204678363
2714	0.165204678
2715	0.088888889
2716	0.104558405
2717	0.096783626
2718	0.133625731
2719	0.083625731
2720	0.165656566
2721	0.138888889
2722	0.099415205
2723	0.087734488
2724	0.094152047
2725	0.082539683
2726	0.102046784
2727	0.095526696
2728	0.082539683
2729	0.099430199
2730	0.099415205
2731	0.113708514
2732	0.095526696
2733	0.074747475
2734	0.087734488
2735	0.091520468
2736	0.086609687
2737	0.080994152
2738	0.100721501
2739	0.080994152
2740	0.091520468
2741	0.100721501
2742	0.132763533
2743	0.086609687
2743.1	0.094301994
2744	0.094152047
2745	0.114814815
2746	0.123099415
2747	0.095526696
2748	0.104678363
2749	0.10994152
2750	0.083625731
2751	0.107309942
2752	0.073789174
2753	0.108513709
2754	0.130994152
2755	0.112573099
2756	0.090576653
2757	0.138888889
2758	0.102046784
2759	0.120467836
2760	0.09033189
2761	0.111111111
2762	0.088888889
2763	0.120467836
2764	0.096783626
2765	0.072150072
2766	0.10994152
2767	0.085513361
2768	0.116305916
2769	0.104678363
2770	0.095526696
2771	0.105916306
2772	0.098124098
2773	0.094152047
2774	0.102046784
2775	0.115204678
2776	0.123099415
2777	0.121500722
2778	0.116305916
2779	0.120467836
2780	0.083625731
2781	0.107309942
2782	0.096783626
2783	0.080994152
2784	0.084045584
2785	0.082539683
2786	0.098124098
2787	0.107122507
2788	0.099415205
2789	0.100721501
2790	0.105916306
2791	0.121500722
2792	0.112250712
2793	0.091520468
2794	0.099430199
2795	0.088888889
2796	0.112573099
2797	0.096783626
2798	0.129292929
2799	0.100721501
2800	0.124098124
2801	0.133625731
2802	0.096783626
2802.1	0.104678363
2803	0.096783626
2804	0.144152047
2805	0.111111111
2806	0.085137085
2807	0.124098124
2808	0.125730994
2809	0.098124098
2810	0.13968254
2811	0.165204678
2812	0.091520468
2813	0.095526696
2814	0.08625731
2815	0.094152047
2816	0.07994228
2817	0.108513709
2818	0.096783626
2819	0.088888889
2820	0.144152047
2821	0.126695527
2822	0.087734488
2823	0.094152047
2824	0.096783626
2825	0.099415205
2826	0.094152047
2827	0.098124098
2828	0.118903319
2829	0.131890332
2830	0.112573099
2831	0.102046784
2832	0.128362573
2833	0.107309942
2834	0.095407407
2835	0.080994152
2836	0.102046784
2837	0.144152047
2838	0.130994152
2839	0.099430199
2840	0.099415205
2841	0.125730994
2842	0.09033189
2843	0.096783626
2844	0.08625731
2845	0.10994152
2846	0.082539683
2847	0.08045007
2848	0.077344877
2849	0.10994152
2850	0.073099415
2851	0.100703235
2852	0.077344877
2853	0.102046784
2854	0.080994152
2855	0.127635328
2856	0.099430199
2857	0.077344877
2858	0.080994152
2859	0.225396825
2860	0.099415205
2861	0.116305916
2861.1	0.116305916
2862	0.126695527
2863	0.082539683
2864	0.130994152
2865	0.09033189
2866	0.096783626
2867	0.08625731
2868	0.094152047
2869	0.082539683
2870	0.088888889
2871	0.095526696
2872	0.10994152
2873	0.115204678
2874	0.088888889
2875	0.094152047
2876	0.085137085
2877	0.088888889
2878	0.13625731
2879	0.104678363
2880	0.080994152
2881	0.10994152
2882	0.104678363
2883	0.096783626
2884	0.10994152
2885	0.144152047
2886	0.095526696
2887	0.112573099
2888	0.085137085
2889	0.081481481
2890	0.13625731
2891	0.096866097
2892	0.10994152
2893	0.10968661
2894	0.096783626
2895	0.126695527
2896	0.113708514
2897	0.105916306
2898	0.096783626
2899	0.087734488
2900	0.104678363
2901	0.107309942
2902	0.07994228
2903	0.107309942
2904	0.077344877
2905	0.07994228
2906	0.105916306
2907	0.099415205
2908	0.08625731
2909	0.076353276
2910	0.118903319
2911	0.089173789
2912	0.115204678
2913	0.087734488
2914	0.094152047
2915	0.13968254
2916	0.104678363
2917	0.094152047
2918	0.126695527
2919	0.095526696
2920	0.076353276
2921	0.07994228
2922	0.085137085
2923	0.137085137
2924	0.095526696
2925	0.111111111
2926	0.107309942
2927	0.115204678
2928	0.099415205
2929	0.103318903
2930	0.095526696
2931	0.123099415
2932	0.103318903
2933	0.113708514
2934	0.095526696
2935	0.094152047
2936	0.077344877
2937	0.102046784
2938	0.120467836
2939	0.092929293
2940	0.104678363
2941	0.078362573
2942	0.100721501
2943	0.092929293
2944	0.078362573
2945	0.137085137
2946	0.100721501
2947	0.088888889
2948	0.146783626
2949	0.099415205
2950	0.094152047
2951	0.08625731
2952	0.099430199
2953	0.08625731
2954	0.078362573
2955	0.132740741
2956	0.149415205
2957	0.096783626
2958	0.08625731
2959	0.082539683
2960	0.07994228
2961	0.078362573
2962	0.15007215
2963	0.10994152
2964	0.095526696
2965	0.10994152
2966	0.096783626
2967	0.105916306
2968	0.128362573
2969	0.08625731
2970	0.104678363
2971	0.128362573
2972	0.123099415
2973	0.105916306
2974	0.094152047
2975	0.099415205
2976	0.111111111
2977	0.091520468
2978	0.144877345
2979	0.149415205
2980	0.165204678
2981	0.165204678
2982	0.09033189
2983	0.13625731
2984	0.094152047
2985	0.128362573
2985.1	0.130994152
2986	0.091520468
2987	0.112573099
2988	0.125730994
2989	0.09033189
2990	0.175730994
2991	0.101994302
2992	0.141520468
2993	0.13625731
2994	0.094152047
2995	0.112573099
2996	0.117836257
2997	0.165204678
2998	0.088045007
2998.1	0.095639944
2999	0.112250712
3000	0.104678363
3001	0.115204678
3002	0.099415205
3003	0.178362573
3004	0.154678363
3005	0.124098124
3006	0.110829817
3007	0.188888889
3008	0.115204678
3009	0.112573099
3010	0.175730994
3011	0.13625731
3012	0.146783626
3013	0.141520468
3014	0.102046784
3015	0.130994152
3016	0.118903319
3017	0.144877345
3018	0.113708514
3019	0.152046784
3020	0.105916306
3021	0.08625731
3022	0.087734488
3023	0.076353276
3024	0.08625731
3025	0.130994152
3026	0.096783626
3027	0.098124098
3028	0.088888889
3029	0.089173789
3030	0.088888889
3031	0.092929293
3032	0.09033189
3033	0.088888889
3034	0.116305916
3035	0.09033189
3036	0.087734488
3037	0.076353276
3038	0.081481481
3039	0.103318903
3040	0.080994152
3041	0.105916306
3042	0.091520468
3043	0.104678363
3044	0.118903319
3045	0.096783626
3046	0.085137085
3047	0.091520468
3048	0.120467836
3049	0.096866097
3050	0.091520468
3051	0.094152047
3052	0.098124098
3053	0.087734488
3054	0.085137085
3055	0.099415205
3056	0.091520468
3057	0.121500722
3058	0.113708514
3059	0.091520468
3060	0.091520468
3061	0.112573099
3062	0.096783626
3063	0.112573099
3064	0.078917379
3065	0.129292929
3066	0.102046784
3067	0.094152047
3068	0.10994152
3069	0.123099415
3070	0.108513709
3071	0.096783626
3072	0.149415205
3073	0.100721501
3074	0.078917379
3075	0.07994228
3076	0.095526696
3077	0.117836257
3078	0.091520468
3079	0.120467836
3080	0.120467836
3081	0.113708514
3082	0.108513709
3083	0.095526696
3084	0.087734488
3085	0.088888889
3086	0.094152047
3087	0.130994152
3088	0.083625731
3089	0.108513709
3090	0.163059163
3091	0.113708514
3092	0.091520468
3093	0.095526696
3094	0.10994152
3095	0.107309942
3096	0.126695527
3097	0.130994152
3098	0.104678363
3099	0.088888889
3100	0.08625731
3101	0.125730994
3102	0.088888889
3103	0.099415205
3104	0.104678363
3105	0.098124098
3106	0.107309942
3107	0.096783626
3108	0.115204678
3109	0.08625731
3110	0.100721501
3111	0.088888889
3112	0.080994152
3113	0.094152047
3114	0.087734488
3115	0.091520468
3116	0.072150072
3117	0.104678363
3118	0.115204678
3119	0.144877345
3120	0.08625731
3121	0.096783626
3122	0.108513709
3123	0.10994152
3124	0.102046784
3125	0.115204678
3126	0.083625731
3127	0.165204678
3128	0.111111111
3129	0.104678363
3130	0.077344877
3131	0.123099415
3132	0.102046784
3133	0.102046784
3134	0.076353276
3135	0.098124098
3136	0.115204678
3137	0.100721501
3138	0.08625731
3139	0.096783626
3140	0.13019943
3141	0.102046784
3142	0.083625731
3143	0.078362573
3144	0.107309942
3145	0.091520468
3146	0.10994152
3147	0.087734488
3148	0.102046784
3149	0.107309942
3150	0.088888889
3151	0.129292929
3152	0.123099415
3153	0.094152047
3154	0.129292929
3155	0.112250712
3156	0.129292929
3157	0.152046784
3158	0.075730994
3159	0.125730994
3160	0.092929293
3161	0.102046784
3162	0.102046784
3163	0.094152047
3164	0.108513709
3165	0.117836257
3166	0.105916306
3167	0.096783626
3168	0.083625731
3169	0.121500722
3170	0.126695527
3171	0.102046784
3172	0.107309942
3173	0.146783626
3174	0.124098124
3175	0.082539683
3176	0.080994152
3177	0.107122507
3178	0.117836257
3179	0.075730994
3180	0.094152047
3181	0.123099415
3182	0.117836257
3183	0.102046784
3184	0.105916306
3185	0.230591631
3186	0.138888889
3187	0.141520468
3188	0.082539683
3189	0.09033189
3190	0.085137085
3191	0.120467836
3192	0.099415205
3193	0.107309942
3194	0.115204678
3195	0.088888889
3196	0.107309942
3197	0.096783626
3198	0.135327635
3199	0.123099415
3200	0.113708514
3201	0.120467836
3202	0.092929293
3203	0.098124098
3204	0.088888889
3205	0.098171589
3206	0.138888889
3207	0.162573099
3208	0.152669553
3209	0.095526696
3210	0.104678363
3211	0.112573099
3212	0.117836257
3213	0.088888889
3214	0.083625731
3215	0.112573099
3216	0.102046784
3217	0.095526696
3218	0.100721501
3219	0.095526696
3220	0.15994152
3224	0.104678363
3226	0.115204678
3228	0.078362573
3229	0.123099415
3231	0.149415205
3235	0.135407407
3238	0.127635328
3241	0.113708514
3244	0.077344877
3246	0.10994152
3249	0.085137085
3251	0.104678363
3252	0.133625731
3254	0.095526696
3256	0.100721501
3257	0.129292929
3259	0.095639944
3261	0.091520468
3262	0.117836257
3264	0.085137085
3265	0.088888889
3267	0.15994152
3269	0.115204678
3271	0.099415205
3273	0.087734488
3275	0.094152047
3277	0.117836257
3279	0.104678363
3282	0.128362573
3283	0.104678363
3285	0.104678363
3287	0.09033189
3290	0.107309942
3292	0.096783626
3294	0.162573099
3296	0.15994152
3298	0.116305916
3304	0.116305916
3306	0.086609687
3308	0.091520468
3311	0.118903319
3313	0.227994228
3315	0.130994152
3316	0.186435786
3317	0.134487734
3319	0.104678363
3320	0.117378917
3321	0.152046784
3322	0.088888889
3325	0.115204678
3328	0.098074074
3334	0.117836257
3337	0.112573099
3338	0.08625731
3340	0.120467836
3341	0.115204678
3342	0.144152047
3343	0.102046784
3345	0.116305916
3347	0.094152047
3348	0.144152047
3349	0.083625731
3350	0.134487734
3351	0.138888889
3352	0.080994152
3353	0.102046784
3354	0.096783626
3355	0.121500722
3356	0.10994152
3357	0.102046784
3358	0.123099415
3358.1	0.128362573
3358.2	0.115204678
3359	0.095526696
3360	0.07994228
3361	0.103318903
3362	0.10994152
3362.1	0.10994152
3363	0.094152047
3364	0.092929293
3365	0.104678363
3366	0.138888889
3367	0.105916306
3368	0.144877345
3369	0.102046784
3370	0.103318903
3371	0.152046784
3372	0.149415205
3373	0.112573099
3374	0.117836257
3375	0.129292929
3376	0.115204678
3376.1	0.10994152
3377	0.128362573
3378	0.130994152
3379	0.104678363
3380	0.085137085
3381	0.08625731
3382	0.120467836
3383	0.088888889
3384	0.115204678
3385	0.107309942
3386	0.117836257
3387	0.118903319
3388	0.094152047
3389	0.10994152
3390	0.102046784
3391	0.091520468
3392	0.100721501
3393	0.108513709
3394	0.099415205
3395	0.144152047
3396	0.10994152
3397	0.107309942
3398	0.083625731
3399	0.08625731
3400	0.165204678
3401	0.105916306
3402	0.128362573
3403	0.096783626
3404	0.162573099
3405	0.117836257
3405.1	0.117836257
3406	0.104678363
3407	0.141520468
3408	0.096783626
3409	0.104678363
3410	0.102046784
3411	0.112573099
3412	0.130994152
3413	0.188888889
3414	0.099415205
3415	0.10994152
3416	0.125730994
3417	0.144152047
3418	0.095526696
3419	0.116507937
3420	0.13625731
3421	0.099415205
3422	0.087734488
3423	0.112250712
3424	0.162573099
3425	0.149415205
3426	0.099415205
3427	0.08625731
3428	0.088888889
3429	0.121500722
3430	0.121500722
3431	0.102046784
3432	0.120467836
3433	0.114814815
3434	0.133625731
3435	0.116305916
3436	0.115204678
3437	0.113708514
3438	0.098124098
3439	0.107309942
3440	0.116305916
3441	0.083625731
3442	0.104678363
3443	0.10994152
3444	0.096783626
3445	0.103407407
3446	0.130994152
3447	0.080994152
3448	0.107309942
3449	0.088888889
3450	0.117836257
3451	0.099415205
3452	0.095526696
3453	0.091520468
3454	0.123099415
3455	0.128362573
3456	0.088888889
3457	0.120467836
3458	0.094152047
3459	0.112573099
3460	0.102046784
3461	0.10968661
3462	0.080994152
3463	0.102046784
3464	0.08625731
3465	0.107309942
3466	0.091520468
3467	0.099415205
3468	0.152046784
3469	0.149415205
3470	0.130994152
3471	0.077344877
3472	0.074747475
3473	0.088888889
3474	0.087734488
3475	0.104678363
3476	0.123099415
3477	0.086609687
3478	0.125730994
3479	0.117836257
3480	0.126695527
3481	0.096866097
3482	0.094152047
3482.1	0.094152047
3483	0.104678363
3484	0.107309942
3485	0.116305916
3486	0.100721501
3487	0.120467836
3488	0.126695527
3489	0.123099415
3490	0.131890332
3491	0.083625731
3492	0.123099415
3493	0.149415205
3493.1	0.13625731
3494	0.102046784
3495	0.107309942
3496	0.077344877
3497	0.129292929
3498	0.116305916
3499	0.10994152
3500	0.102046784
3501	0.091520468
3502	0.10994152
3503	0.10994152
3504	0.091520468
3505	0.18625731
3506	0.103318903
3507	0.094152047
3508	0.096783626
3509	0.08625731
3510	0.120467836
3511	0.091520468
3512	0.120467836
3513	0.112573099
3514	0.115204678
3515	0.10994152
3516	0.096866097
3517	0.075730994
3518	0.099415205
3519	0.104678363
3520	0.112573099
3521	0.099415205
3522	0.094301994
3523	0.13625731
3524	0.116305916
3525	0.108513709
3526	0.10994152
3527	0.112573099
3528	0.092929293
3529	0.08625731
3530	0.078362573
3531	0.095526696
3532	0.08625731
3533	0.094152047
3534	0.13625731
3535	0.099430199
3536	0.111111111
3537	0.105916306
3537.1	0.131890332
3538	0.096783626
3539	0.095526696
3540	0.155266955
3541	0.117836257
3542	0.123488045
3543	0.078362573
3544	0.149415205
3545	0.144152047
3546	0.146783626
3547	0.107309942
3548	0.091520468
3549	0.157309942
3550	0.118903319
3551	0.124098124
3552	0.111111111
3553	0.112573099
3554	0.094152047
3555	0.123099415
3556	0.080994152
3557	0.102046784
3558	0.103318903
3559	0.117836257
3560	0.099415205
3561	0.120467836
3562	0.099415205
3563	0.128362573
3564	0.094152047
3565	0.091520468
3566	0.094152047
3567	0.095526696
3568	0.102046784
3569	0.099415205
3570	0.144152047
3571	0.104558405
3572	0.112573099
3573	0.099415205
3574	0.102046784
3575	0.149415205
3576	0.115204678
3577	0.087734488
3578	0.116305916
3579	0.088888889
3580	0.133625731
3581	0.102046784
3582	0.096783626
3583	0.082539683
3584	0.092929293
3585	0.102046784
3586	0.096783626
3587	0.138888889
3588	0.107309942
3589	0.095526696
3590	0.096866097
3591	0.081481481
3592	0.098124098
3593	0.088888889
3594	0.088888889
3595	0.103318903
3596	0.10994152
3597	0.094152047
3598	0.142279942
3599	0.13625731
3600	0.144152047
3601	0.086609687
3602	0.199422799
3603	0.138888889
3604	0.095526696
3605	0.10994152
3606	0.10994152
3607	0.080994152
3608	0.129292929
3609	0.091737892
3610	0.121500722
3611	0.115204678
3613	0.128362573
3614	0.096783626
3615	0.107309942
3616	0.091520468
3617	0.116305916
3618	0.18625731
3619	0.144877345
3620	0.107309942
3621	0.124098124
3622	0.138888889
3623	0.133625731
3624	0.103318903
3626	0.10994152
3628	0.105916306
3629	0.08625731
3630	0.147474747
3631	0.123099415
3632	0.138888889
3633	0.108513709
3634	0.103318903
3635	0.132763533
3636	0.091520468
3637	0.078362573
3638	0.09033189
3639	0.087734488
3640	0.094152047
3641	0.129292929
3642	0.09033189
3643	0.088888889
3644	0.130994152
3645	0.115204678
3646	0.13625731
3647	0.107309942
3648	0.10994152
3649	0.131890332
3650	0.149415205
3652	0.124098124
3653	0.118903319
3654	0.095526696
3655	0.08625731
3656	0.107309942
3657	0.091737892
3658	0.129292929
3659	0.088888889
3660	0.102046784
3661	0.091520468
3663	0.117836257
3664	0.114814815
3665	0.100721501
3666	0.09033189
3667	0.121500722
3668	0.15007215
3669	0.089173789
3670	0.096783626
3671	0.144152047
3672	0.155266955
3673	0.117836257
3674	0.073099415
3675	0.10994152
3676	0.130994152
3677	0.091520468
3678	0.076353276
3679	0.102046784
3680	0.08625731
3681	0.096783626
3682	0.115204678
3683	0.104558405
3684	0.116305916
3685	0.118903319
3686	0.087734488
3687	0.082539683
3689	0.104558405
3690	0.094152047
3692	0.133625731
3693	0.104678363
3695	0.120467836
3696	0.080994152
3697	0.102046784
3698	0.107309942
3699	0.099415205
3700	0.111111111
3701	0.102046784
3702	0.083625731
3703	0.130994152
3704	0.080994152
3705	0.112573099
3706	0.128362573
3707	0.100721501
3708	0.094152047
3709	0.08625731
3710	0.091520468
3711	0.080994152
3712	0.100721501
3713	0.078362573
3714	0.128362573
3715	0.096783626
3716	0.096783626
3717	0.10994152
3718	0.099430199
3719	0.104678363
3720	0.107309942
3721	0.126695527
3722	0.09033189
3723	0.096783626
3724	0.115204678
3725	0.094152047
3726	0.103318903
3727	0.088888889
3728	0.13968254
3729	0.100721501
3730	0.120467836
3731	0.08625731
3732	0.128362573
3733	0.088888889
3734	0.10994152
3735	0.085137085
3736	0.087734488
3737	0.091520468
3738	0.125730994
3739	0.082539683
3740	0.078362573
3741	0.078362573
3742	0.08625731
3743	0.072150072
3744	0.07994228
3745	0.076353276
3746	0.076353276
3747	0.099415205
3748	0.100721501
3749	0.088888889
3750	0.087734488
3751	0.087734488
3752	0.10994152
3753	0.10994152
3754	0.106416275
3755	0.102046784
3756	0.120467836
3757	0.085137085
3758	0.128362573
3759	0.105916306
3760	0.120467836
3761	0.083625731
3762	0.10994152
3763	0.078917379
3764	0.091520468
3765	0.162573099
3766	0.118903319
3767	0.107309942
3768	0.094152047
3769	0.134487734
3770	0.112573099
3771	0.133625731
3772	0.100721501
3773	0.104678363
3774	0.096783626
3775	0.117836257
3776	0.128362573
3777	0.104678363
3778	0.095526696
3779	0.094152047
3780	0.083625731
3781	0.075730994
3782	0.083625731
3783	0.091520468
3784	0.085137085
3785	0.07994228
3786	0.096783626
3787	0.099415205
3788	0.096783626
3789	0.10994152
3790	0.107309942
3792	0.091737892
3793	0.10994152
3794	0.128362573
3795	0.078917379
3796	0.104678363
3797	0.100721501
3798	0.094152047
3799	0.118903319
3800	0.113708514
3801	0.088888889
3802	0.078362573
3803	0.098124098
3804	0.104678363
3805	0.146783626
3806	0.086609687
3807	0.09033189
3808	0.115204678
3809	0.091520468
3810	0.103318903
3812	0.123099415
3813	0.105916306
3814	0.100721501
3815	0.113708514
3816	0.117836257
3817	0.094152047
3818	0.126695527
3819	0.082539683
3820	0.130994152
3821	0.098124098
3822	0.121500722
3823	0.121500722
3824	0.100721501
3825	0.117836257
3826	0.089173789
3827	0.094152047
3828	0.112573099
3829	0.088888889
3830	0.104678363
3831	0.15994152
3832	0.104678363
3833	0.10994152
3834	0.099415205
3835	0.112573099
3836	0.115204678
3837	0.165656566
3838	0.092929293
3839	0.129292929
3840	0.102046784
3841	0.099430199
3842	0.099415205
3843	0.112573099
3844	0.162573099
3845	0.105916306
3846	0.083625731
3847	0.10994152
3848	0.098124098
3849	0.144152047
3850	0.083625731
3851	0.085137085
3853	0.113708514
3854	0.124098124
3855	0.123099415
3856	0.123099415
3858	0.103318903
3859	0.088888889
3860	0.123099415
3861	0.102046784
3862	0.10994152
3863	0.104558405
3864	0.088888889
3865	0.133625731
3866	0.102046784
3867	0.125730994
3868	0.117836257
3869	0.095526696
3870	0.10994152
3871	0.100721501
3872	0.13625731
3873	0.092929293
3874	0.128362573
3876	0.09033189
3877	0.096783626
3881	0.117836257
3883	0.108740741
3887	0.088888889
3888	0.152046784
3889	0.106074074
3890	0.115204678
3891	0.086609687
3892	0.096783626
3893	0.154678363
3894	0.092929293
3895	0.113708514
3896	0.082539683
3897	0.112573099
3898	0.091049383
3899	0.130994152
3900	0.217836257
3901	0.116305916
3902	0.137085137
3903	0.104678363
3904	0.094152047
3905	0.111111111
3906	0.085137085
3908	0.180994152
3909	0.094152047
3910	0.104678363
3911	0.102046784
3912	0.08625731
3913	0.091520468
3914	0.125730994
3915	0.078362573
3916	0.123099415
3917	0.080994152
3918	0.083625731
3919	0.134487734
3920	0.08625731
3921	0.112573099
3922	0.126695527
3923	0.105916306
3924	0.128362573
3925	0.107309942
3926	0.178643579
3927	0.113708514
3928	0.115204678
3929	0.103318903
3930	0.128362573
3931	0.117836257
3932	0.108513709
3933	0.088888889
3934	0.107309942
3935	0.078917379
3936	0.099415205
3937	0.095526696
3938	0.117836257
3939	0.104678363
3940	0.112573099
3941	0.117836257
3942	0.080994152
3943	0.133625731
3944	0.10994152
3945	0.10994152
3946	0.092929293
3947	0.105916306
3948	0.121500722
3949	0.108513709
3950	0.078362573
3951	0.096783626
3952	0.087734488
3953	0.104678363
3954	0.112573099
3955	0.188888889
3956	0.100721501
3958	0.08625731
3959	0.085137085
3960	0.096783626
3961	0.088888889
3963	0.098124098
3964	0.120467836
3965	0.083625731
3966	0.094152047
3967	0.095526696
3968	0.096783626
3970	0.080994152
3971	0.088888889
3972	0.107309942
3974	0.095526696
3975	0.091520468
3976	0.072150072
3977	0.117836257
3979	0.120467836
3980	0.123099415
3981	0.078362573
3982	0.102046784
3983	0.104678363
3984	0.092929293
3986	0.07994228
3987	0.112573099
3988	0.15007215
3989	0.103318903
3990	0.07994228
3992	0.095526696
3994	0.118903319
3995	0.10994152
3996	0.10994152
3997	0.104678363
3998	0.077344877
3999	0.095526696
4001	0.134487734
4002	0.154678363
4004	0.116305916
4005	0.180994152
4007	0.085137085
4009	0.129292929
4010	0.112573099
4012	0.138888889
4013	0.125730994
4014	0.107122507
4015	0.125730994
4016	0.085137085
4017	0.103318903
4018	0.096783626
4019	0.102046784
4020	0.089173789
4021	0.13625731
4022	0.134487734
4023	0.170467836
4024	0.149415205
4025	0.103318903
4027	0.103318903
4028	0.14045584
4029	0.112250712
4030	0.107309942
4031	0.115204678
4032	0.091737892
4033	0.096783626
4034	0.100721501
4035	0.094152047
4036	0.112573099
4037	0.092929293
4038	0.095526696
4039	0.113708514
4040	0.121500722
4041	0.115204678
4042	0.094152047
4043	0.130994152
4044	0.128362573
4045	0.10994152
4046	0.144152047
4047	0.128362573
4048	0.111111111
4049	0.112250712
4050	0.105916306
4051	0.083625731
4052	0.092929293
4053	0.098124098
4054	0.152046784
4055	0.108513709
4056	0.107309942
4057	0.126695527
4058	0.099415205
4059	0.132763533
4060	0.096783626
4061	0.157309942
4062	0.144152047
4063	0.141520468
4064	0.102046784
4065	0.094301994
4066	0.107309942
4067	0.128362573
4068	0.144877345
4069	0.180994152
4070	0.091520468
4071	0.103318903
4072	0.191520468
4073	0.138888889
4074	0.091737892
4075	0.111111111
4076	0.117836257
4077	0.091520468
4078	0.095526696
4079	0.104678363
4080	0.100721501
4081	0.114814815
4082	0.098124098
4083	0.116305916
4084	0.120467836
4085	0.149415205
4086	0.104678363
4087	0.094152047
4088	0.112573099
4090	0.128362573
4091	0.080994152
4092	0.080994152
4093	0.107122507
4095	0.115204678
4096	0.105916306
4097	0.102046784
4099	0.144877345
4100	0.146783626
4102	0.080994152
4103	0.104678363
4104	0.078362573
4105	0.126695527
4107	0.114814815
4108	0.115204678
4109	0.123099415
4110	0.094152047
4112	0.112573099
4114	0.117836257
4115	0.096783626
4117	0.141520468
4118	0.094152047
4119	0.094152047
4120	0.138888889
4121	0.107716049
4123	0.115204678
4124	0.086609687
4126	0.137085137
4127	0.141520468
4128	0.094152047
4129	0.104558405
4130	0.101994302
4131	0.103318903
4132	0.099415205
4133	0.096783626
4134	0.118903319
4135	0.094152047
4136	0.112573099
4137	0.102046784
4138	0.088888889
4139	0.094152047
4140	0.133625731
4141	0.13625731
4142	0.142279942
4143	0.120467836
4144	0.094152047
4145	0.08625731
4146	0.154678363
4147	0.144152047
4148	0.096783626
4149	0.104678363
4150	0.104678363
4151	0.087734488
4152	0.123099415
4153	0.112573099
4155	0.152046784
4157	0.104678363
4158	0.144152047
4159	0.113708514
4161	0.096783626
4162	0.098124098
4163	0.188888889
4165	0.112573099
4167	0.102046784
4168	0.105916306
4170	0.133625731
4171	0.096783626
4172	0.072150072
4173	0.083625731
4174	0.091737892
4175	0.082539683
4176	0.129292929
4178	0.083625731
4179	0.091520468
4181	0.130994152
4182	0.107309942
4183	0.104678363
4184	0.133625731
4186	0.104678363
4188	0.088888889
4190	0.125730994
4191	0.126695527
4193	0.080994152
4194	0.094152047
4195	0.091520468
4196	0.149415205
4197	0.094152047
4198	0.081481481
4199	0.129292929
4200	0.098124098
4201	0.09033189
4202	0.104678363
4203	0.082539683
4204	0.141520468
4205	0.168253968
4206	0.112573099
4208	0.13625731
4210	0.091520468
4212	0.111111111
4213	0.129292929
4215	0.101994302
4216	0.091520468
4217	0.104678363
4218	0.123099415
4219	0.104678363
4221	0.124098124
4222	0.08625731
4223	0.108513709
4224	0.100721501
4225	0.092929293
4226	0.091520468
4228	0.107309942
4229	0.10994152
4230	0.117836257
4231	0.124098124
4232	0.133625731
4233	0.09033189
4234	0.10994152
4235	0.134487734
4237	0.099415205
4238	0.103318903
4239	0.10994152
4240	0.094152047
4241	0.095526696
4242	0.074747475
4243	0.099415205
4244	0.120467836
4246	0.10994152
4247	0.094152047
4248	0.107309942
4249	0.120467836
4250	0.107309942
4251	0.094152047
4252	0.103318903
4253	0.124098124
4255	0.103318903
4256	0.141520468
4257	0.141520468
4258	0.194152047
4259	0.094152047
4260	0.15994152
4261	0.130994152
4262	0.115204678
4263	0.094152047
4265	0.107309942
4267	0.125730994
4268	0.111111111
4269	0.13625731
4270	0.120467836
4271	0.141520468
4272	0.118903319
4273	0.131890332
4274	0.08625731
4275	0.141520468
4276	0.120467836
4277	0.083625731
4278	0.091520468
4279	0.098124098
4280	0.115204678
4281	0.105916306
4282	0.091520468
4283	0.099415205
4284	0.111111111
4285	0.115204678
4286	0.104678363
4287	0.08625731
4288	0.118903319
4289	0.104678363
4290	0.075730994
4291	0.117836257
4292	0.089173789
4293	0.078362573
4294	0.078362573
4295	0.088888889
4296	0.103318903
4297	0.099415205
4298	0.082539683
4299	0.146783626
4300	0.102046784
4301	0.108513709
4302	0.108513709
4303	0.092929293
4304	0.115204678
4305	0.083625731
4306	0.081481481
4307	0.113708514
4308	0.123099415
4309	0.107309942
4310	0.194152047
4311	0.107309942
4312	0.102046784
4313	0.128362573
4314	0.096783626
4315	0.107309942
4316	0.102046784
4317	0.102046784
4318	0.077344877
4319	0.096783626
4320	0.112573099
4321	0.13625731
4322	0.091520468
4323	0.078362573
4324	0.108513709
4325	0.08625731
4326	0.120467836
4327	0.094152047
4328	0.144877345
4329	0.080994152
4330	0.102046784
4332	0.095526696
4333	0.098124098
4334	0.117836257
4335	0.108513709
4336	0.08625731
4337	0.112573099
4338	0.107309942
4339	0.102046784
4340	0.099415205
4341	0.105916306
4342	0.146783626
4343	0.107309942
4344	0.123099415
4345	0.124098124
4346	0.120467836
4347	0.100721501
4348	0.128362573
4349	0.096783626
4350	0.154678363
4351	0.103318903
4352	0.102046784
4353	0.091520468
4354	0.104678363
4355	0.096783626
4356	0.125730994
4357	0.088888889
4358	0.13625731
4359	0.115204678
4361	0.103318903
4362	0.098124098
4363	0.120467836
4364	0.113708514
4365	0.10994152
4366	0.094152047
4367	0.094152047
4368	0.115204678
4369	0.094152047
4370	0.133625731
4371	0.121500722
4373	0.10994152
4374	0.113708514
4375	0.121500722
4376	0.096783626
4377	0.104678363
4378	0.146783626
4379	0.083625731
4380	0.128362573
4381	0.096783626
4382	0.112573099
4383	0.096783626
4384	0.138888889
4385	0.096783626
4386	0.085137085
4387	0.125730994
4388	0.102046784
4389	0.091520468
4390	0.117836257
4391	0.10994152
4392	0.117836257
4393	0.126695527
4394	0.133625731
4395	0.096783626
4396	0.096783626
4397	0.123099415
4399	0.100721501
4400	0.092929293
4401	0.088888889
4402	0.125730994
4403	0.130994152
4404	0.107309942
4405	0.082539683
4406	0.087734488
4407	0.115204678
4409	0.100721501
4410	0.09033189
4411	0.096783626
4412	0.080994152
4413	0.117836257
4414	0.125730994
4415	0.096783626
4416	0.094152047
4417	0.144152047
4418	0.118903319
4419	0.116305916
4420	0.091520468
4421	0.096783626
4422	0.115204678
4423	0.112573099
4424	0.10994152
4425	0.102046784
4426	0.099415205
4427	0.103318903
4428	0.125730994
4429	0.083625731
4430	0.092929293
4431	0.128362573
4432	0.092929293
4433	0.096783626
4434	0.100721501
4435	0.102046784
4436	0.120467836
4437	0.08625731
4438	0.07994228
4439	0.094152047
4440	0.123099415
4441	0.130994152
4442	0.120467836
4443	0.128362573
4444	0.099415205
4445	0.078362573
4446	0.115204678
4447	0.120467836
4448	0.112573099
4449	0.155840456
4450	0.104678363
4451	0.178643579
4452	0.08625731
4453	0.199422799
4454	0.092929293
4455	0.133625731
4456	0.107309942
4457	0.096783626
4458	0.112573099
4459	0.103318903
4460	0.178362573
4461	0.111111111
4462	0.149415205
4463	0.102046784
4464	0.10994152
4466	0.087734488
4467	0.120467836
4468	0.149415205
4469	0.137085137
4470	0.137085137
4471	0.102046784
4472	0.15007215
4473	0.138888889
4474	0.100721501
4475	0.102046784
4476	0.149415205
4477	0.107309942
4478	0.124098124
4479	0.095526696
4480	0.123099415
4481	0.115204678
4482	0.104678363
4483	0.121500722
4484	0.081481481
4485	0.091520468
4486	0.095526696
4487	0.091520468
4488	0.098124098
4489	0.173099415
4490	0.094152047
4491	0.111111111
4492	0.083625731
4493	0.128362573
4494	0.117378917
4495	0.094152047
4496	0.107122507
4497	0.095526696
4498	0.123099415
4499	0.116305916
4500	0.111111111
4501	0.08625731
4502	0.147474747
4503	0.155266955
4504	0.107309942
4505	0.103318903
4506	0.131890332
4507	0.126695527
4508	0.126695527
4509	0.138888889
4510	0.094152047
4511	0.146783626
4512	0.094152047
4513	0.107309942
4514	0.108513709
4515	0.080994152
4516	0.107309942
