uta	att
4	0.123099415
6	0.108513709
7	0.152669553
8	0.178362573
9	0.114478114
10	0.099415205
11	0.078362573
12	0.191520468
14	0.120467836
15	0.137085137
18	0.107309942
19	0.107309942
20	0.080994152
21	0.077344877
22	0.146783626
23	0.210074074
24	0.173099415
27	0.07994228
28	0.104678363
30	0.168253968
31	0.157864358
32	0.137085137
33	0.202046784
34	0.180994152
35	0.09033189
37	0.100721501
39	0.096783626
40	0.29033189
41	0.165204678
42	0.238888889
43	0.117836257
44	0.138888889
46	0.085137085
47	0.095526696
48	0.128362573
49	0.157309942
51	0.159407407
53	0.167836257
54	0.115204678
55	0.078362573
56	0.096783626
57	0.099415205
58	0.175730994
59	0.083625731
60	0.100721501
61	0.091520468
62	0.149415205
63	0.141520468
64	0.07994228
65	0.152669553
66	0.138888889
67	0.124098124
68	0.147474747
69	0.112573099
70	0.080994152
71	0.104678363
72	0.173099415
73	0.128362573
74	0.102046784
75	0.116305916
76	0.124098124
77	0.13968254
78	0.099430199
80	0.129292929
81	0.13625731
82	0.083625731
83	0.20981241
84	0.124098124
85	0.091520468
86	0.087734488
87	0.085137085
88	0.080994152
89	0.078362573
90	0.102046784
91	0.13019943
92	0.083625731
93	0.094301994
94	0.094152047
95	0.119407407
96	0.108513709
97	0.103318903
98	0.078362573
99	0.075730994
100	0.124098124
101	0.087734488
102	0.084045584
103	0.149415205
104	0.083625731
105	0.099415205
106	0.103318903
107	0.094152047
108	0.080994152
109	0.170467836
110	0.099415205
111	0.10994152
112	0.075730994
113	0.080994152
114	0.082539683
115	0.082539683
116	0.102046784
117	0.08625731
118	0.120467836
119	0.099415205
120	0.071225071
121	0.199415205
122	0.149415205
123	0.094152047
124	0.09033189
125	0.087734488
126	0.146783626
127	0.116305916
128	0.124098124
129	0.100740741
130	0.08625731
132	0.133625731
133	0.116305916
134	0.099415205
136	0.130994152
137	0.105916306
139	0.152669553
140	0.074747475
141	0.096783626
142	0.082539683
143	0.115204678
144	0.085137085
145	0.096604938
146	0.078362573
147	0.137085137
148	0.100721501
149	0.075730994
151	0.170467836
152	0.170467836
154	0.165656566
156	0.117508418
157	0.092929293
158	0.102046784
160	0.09514867
161	0.083625731
163	0.103318903
164	0.107309942
165	0.101994302
166	0.127635328
168	0.094152047
169	0.104678363
170	0.112573099
171	0.141520468
172	0.123099415
173	0.118903319
174	0.128362573
175	0.129292929
176	0.083625731
177	0.128362573
178	0.165204678
179	0.138888889
180	0.146783626
181	0.129292929
182	0.123099415
183	0.088888889
184	0.120467836
185	0.180994152
186	0.107309942
187	0.128362573
188	0.130994152
189	0.155266955
190	0.104678363
191	0.115204678
192	0.099415205
193	0.126695527
195	0.085137085
197	0.100721501
198	0.130994152
200	0.120467836
201	0.162573099
202	0.128362573
203	0.074747475
205	0.13625731
206	0.175730994
208	0.099415205
209	0.07994228
211	0.094152047
212	0.085137085
214	0.094152047
215	0.09033189
216	0.083625731
218	0.175730994
219	0.122074074
221	0.144877345
222	0.196783626
223	0.108513709
224	0.07994228
225	0.124098124
226	0.137891738
227	0.096866097
228	0.102046784
229	0.105916306
231	0.099415205
232	0.099430199
233	0.096783626
234	0.095526696
235	0.155266955
235.1	0.157864358
236	0.086609687
237	0.125071225
238	0.162573099
240	0.141520468
241	0.152046784
242	0.137891738
243	0.13968254
244	0.129292929
245	0.130994152
246	0.196825397
247	0.257309942
248	0.091520468
249	0.193055556
250	0.178362573
251	0.130074074
252	0.18625731
253	0.162573099
254	0.144877345
255	0.133625731
256	0.189173789
256.1	0.178917379
258	0.165656566
259	0.113708514
262	0.128362573
263	0.112250712
264	0.18625731
265	0.137085137
266	0.14045584
267	0.107309942
268	0.088888889
269	0.074747475
270	0.165204678
271	0.15994152
272	0.152046784
273	0.246176046
274	0.246783626
275	0.149415205
276	0.124098124
276.1	0.137085137
277	0.078362573
278	0.157864358
279	0.099415205
280	0.10994152
281	0.096783626
282	0.104678363
283	0.212573099
284	0.141520468
285	0.084045584
286	0.091520468
287	0.102046784
288	0.155266955
289	0.120467836
290	0.099415205
291	0.094152047
292	0.13625731
293	0.185885886
294	0.246176046
295	0.178362573
296	0.191630592
297	0.20981241
298	0.096783626
299	0.073099415
300	0.107309942
301	0.113708514
302	0.117378917
303	0.230994152
304	0.129292929
305	0.142279942
306	0.230591631
307	0.113708514
308	0.080994152
309	0.123099415
310	0.10994152
311	0.117836257
312	0.126695527
313	0.134487734
314	0.167836257
316	0.107309942
318	0.14045584
320	0.099415205
321	0.117836257
323	0.173099415
325	0.113708514
326	0.149415205
327	0.155266955
328	0.117836257
329	0.163059163
330	0.154678363
331	0.117836257
332	0.114814815
333	0.091520468
334	0.075730994
335	0.088888889
336	0.138074074
337	0.102046784
338	0.087734488
339	0.108513709
340	0.098124098
341	0.124098124
342	0.126695527
343	0.08625731
344	0.130994152
345	0.085137085
346	0.091520468
347	0.126695527
348	0.088888889
349	0.104558405
350	0.144152047
351	0.149415205
352	0.135407407
353	0.102046784
354	0.183838384
355	0.107309942
356	0.103318903
357	0.26955267
358	0.225396825
359	0.178643579
360	0.13968254
361	0.075730994
362	0.162573099
363	0.157309942
364	0.077344877
365	0.104678363
367	0.152669553
368	0.273099415
369	0.147474747
370	0.08625731
371	0.15007215
373	0.10994152
374	0.080994152
375	0.10994152
376	0.085137085
377	0.116305916
378	0.131890332
380	0.098124098
381	0.108513709
383	0.125730994
384	0.090576653
385	0.08625731
386	0.137085137
387	0.121500722
389	0.165204678
390	0.178643579
391	0.133625731
392	0.104678363
393	0.08625731
394	0.152046784
395	0.085137085
396	0.103318903
397	0.073099415
398	0.096866097
399	0.087734488
400	0.073789174
401	0.146783626
402	0.085137085
403	0.116305916
404	0.104678363
405	0.148148148
406	0.08625731
407	0.092929293
408	0.10994152
409	0.120467836
410	0.076353276
411	0.080994152
412	0.125730994
413	0.114814815
414	0.088888889
415	0.076353276
416	0.117836257
417	0.183625731
418	0.125730994
419	0.10994152
421	0.102046784
422	0.15007215
424	0.111111111
425	0.100721501
426	0.096783626
427	0.124098124
428	0.072150072
429	0.120467836
430	0.146783626
432	0.096783626
433	0.126695527
434	0.147474747
435	0.173099415
436	0.09033189
437	0.131890332
438	0.077344877
439	0.096783626
440	0.104678363
441	0.14045584
442	0.078362573
444	0.108513709
445	0.083625731
446	0.129292929
447	0.144877345
448	0.144877345
449	0.130994152
450	0.10994152
451	0.078362573
452	0.091520468
453	0.10994152
454	0.102046784
455	0.075730994
456	0.096783626
457	0.099415205
458	0.095526696
459	0.094301994
461	0.074747475
462	0.078362573
463	0.087734488
464	0.103318903
465	0.091520468
467	0.103318903
468	0.098124098
469	0.107309942
470	0.103318903
471	0.088888889
472	0.117836257
473	0.075730994
474	0.096866097
476	0.116305916
477	0.09033189
479	0.113708514
480	0.122507123
482	0.11994302
483	0.117836257
484	0.094152047
486	0.09033189
487	0.116305916
488	0.088888889
489	0.096783626
490	0.134487734
491	0.085137085
492	0.085137085
493	0.09033189
494	0.103318903
495	0.092929293
496	0.137085137
497	0.078362573
498	0.107309942
499	0.084045584
500	0.162573099
501	0.128362573
502	0.092929293
503	0.084045584
504	0.092929293
505	0.095526696
506	0.074747475
507	0.123099415
508	0.098124098
510	0.091520468
511	0.120467836
512	0.108513709
513	0.116305916
514	0.074747475
515	0.094152047
516	0.095526696
517	0.091737892
518	0.080994152
519	0.124098124
520	0.117836257
521	0.13625731
522	0.143019943
523	0.111111111
524	0.10994152
525	0.108513709
526	0.102046784
527	0.100703235
528	0.095526696
530	0.091520468
531	0.104558405
532	0.088888889
533	0.120467836
535	0.098124098
536	0.144877345
537	0.08625731
538	0.092929293
539	0.089173789
540	0.077344877
541	0.077344877
542	0.094152047
544	0.085137085
545	0.107309942
547	0.096783626
548	0.116740741
549	0.087734488
550	0.125071225
551	0.212573099
552	0.075730994
553	0.10994152
554	0.13625731
555	0.104678363
556	0.096783626
557	0.149415205
558	0.087734488
559	0.105916306
560	0.088888889
561	0.099415205
562	0.144152047
563	0.085137085
564	0.094152047
565	0.085137085
566	0.094152047
567	0.135407407
568	0.188888889
569	0.074747475
570	0.128362573
571	0.124098124
572	0.091520468
573	0.09033189
574	0.09033189
575	0.15994152
576	0.078362573
577	0.141520468
578	0.083625731
579	0.10994152
580	0.088888889
581	0.077344877
582	0.077344877
583	0.08625731
584	0.095526696
585	0.090576653
586	0.072150072
587	0.096783626
588	0.125730994
589	0.130994152
590	0.096783626
591	0.094152047
592	0.118903319
593	0.091520468
594	0.080994152
595	0.077344877
596	0.194152047
597	0.13625731
598	0.107309942
599	0.102046784
600	0.22020202
601	0.092929293
602	0.083625731
603	0.096783626
604	0.131890332
605	0.094152047
606	0.103318903
607	0.111111111
608	0.100721501
609	0.113708514
610	0.095526696
611	0.099430199
612	0.072150072
613	0.094152047
614	0.077344877
615	0.074747475
616	0.091520468
617	0.096783626
618	0.096783626
620	0.095526696
621	0.087734488
622	0.073099415
623	0.121500722
624	0.094301994
625	0.123099415
626	0.099415205
627	0.101994302
628	0.103318903
629	0.104678363
630	0.08625731
631	0.099415205
632	0.122507123
633	0.075730994
634	0.078362573
635	0.098124098
636	0.083625731
637	0.094152047
638	0.096783626
639	0.075730994
640	0.08625731
641	0.073789174
642	0.094152047
643	0.118903319
644	0.082539683
645	0.08625731
646	0.083625731
647	0.085137085
648	0.08625731
649	0.082539683
650	0.104678363
651	0.10994152
652	0.116305916
653	0.094152047
654	0.07994228
655	0.099365079
656	0.072150072
657	0.074747475
658	0.094152047
659	0.070323488
660	0.122507123
661	0.07994228
662	0.154678363
663	0.133625731
664	0.102046784
665	0.098124098
666	0.092929293
667	0.101994302
668	0.103318903
669	0.081481481
670	0.152046784
671	0.105916306
672	0.102046784
673	0.072150072
674	0.072855134
675	0.134487734
676	0.117836257
677	0.107309942
678	0.077344877
679	0.073789174
680	0.083625731
681	0.073099415
682	0.092929293
683	0.094152047
684	0.093108298
685	0.102046784
686	0.083625731
687	0.099415205
688	0.117836257
689	0.128362573
690	0.107309942
691	0.134487734
692	0.082539683
693	0.08625731
694	0.091520468
695	0.095526696
696	0.141520468
697	0.083625731
698	0.091520468
699	0.085137085
700	0.08625731
701	0.098124098
702	0.087734488
703	0.088888889
704	0.08625731
705	0.115204678
706	0.133625731
707	0.102046784
708	0.074747475
709	0.128362573
710	0.099415205
711	0.088045007
712	0.09033189
713	0.075730994
714	0.113708514
715	0.107309942
716	0.096783626
717	0.077344877
718	0.094152047
719	0.094152047
720	0.09033189
721	0.13625731
722	0.072150072
724	0.094152047
725	0.078917379
726	0.082981716
727	0.074747475
728	0.082539683
729	0.10994152
730	0.088888889
731	0.096783626
732	0.094152047
733	0.094152047
734	0.080994152
735	0.08625731
736	0.087734488
737	0.07994228
738	0.092929293
739	0.074747475
740	0.088888889
741	0.077344877
742	0.091520468
743	0.08625731
744	0.074747475
745	0.091520468
746	0.095526696
747	0.087734488
748	0.100721501
749	0.074747475
750	0.078362573
751	0.080994152
752	0.082539683
753	0.096783626
754	0.09033189
755	0.073099415
756	0.104678363
757	0.101994302
758	0.080994152
759	0.07994228
760	0.117836257
761	0.111111111
762	0.085137085
763	0.08625731
764	0.102046784
765	0.094152047
766	0.102046784
767	0.104678363
768	0.131890332
769	0.085137085
770	0.091737892
771	0.104678363
772	0.078917379
773	0.107309942
774	0.10994152
775	0.088888889
776	0.095526696
777	0.099415205
778	0.08625731
779	0.125730994
780	0.092929293
781	0.083625731
782	0.107309942
783	0.137085137
784	0.087734488
785	0.090576653
786	0.075730994
787	0.075730994
788	0.101994302
789	0.080994152
790	0.086609687
791	0.078917379
792	0.09033189
793	0.088888889
795	0.076353276
796	0.107309942
797	0.088888889
798	0.096783626
799	0.149415205
801	0.117836257
803	0.091520468
805	0.073099415
806	0.188888889
807	0.096783626
808	0.165204678
809	0.085137085
810	0.087734488
811	0.07994228
812	0.085137085
814	0.099415205
815	0.115204678
816	0.099415205
817	0.104678363
818	0.083625731
819	0.074747475
820	0.075730994
821	0.078362573
822	0.088888889
823	0.083625731
824	0.091520468
825	0.112573099
826	0.083625731
827	0.094152047
828	0.080994152
829	0.087734488
830	0.083625731
831	0.099415205
832	0.085137085
833	0.083625731
834	0.099415205
835	0.078362573
836	0.074747475
837	0.094152047
838	0.080994152
839	0.107309942
840	0.094152047
841	0.117836257
842	0.080994152
843	0.094152047
844	0.096783626
845	0.08625731
846	0.096783626
847	0.099415205
848	0.10994152
849	0.088888889
850	0.07994228
851	0.075730994
852	0.09033189
853	0.144877345
854	0.099430199
855	0.123099415
856	0.180994152
857	0.099415205
858	0.146783626
859	0.088888889
860	0.115204678
861	0.107309942
862	0.117836257
863	0.16046176
864	0.08625731
865	0.238888889
866	0.10994152
867	0.107309942
868	0.115204678
869	0.133625731
870	0.10994152
871	0.091520468
872	0.088888889
873	0.094152047
874	0.162573099
875	0.108513709
876	0.120467836
877	0.115204678
878	0.07994228
879	0.088888889
880	0.123099415
881	0.096783626
882	0.138888889
883	0.087734488
884	0.102046784
885	0.091520468
887	0.117836257
888	0.080994152
889	0.073789174
890	0.092929293
891	0.104678363
893	0.082539683
895	0.10994152
896	0.144152047
898	0.078362573
899	0.085137085
900	0.112573099
901	0.091520468
902	0.10994152
903	0.07994228
905	0.091520468
906	0.149415205
908	0.130994152
909	0.092929293
910	0.082539683
911	0.099415205
912	0.107309942
914	0.157864358
915	0.094152047
916	0.096783626
918	0.191520468
919	0.178643579
921	0.104678363
922	0.087734488
924	0.099415205
925	0.108513709
927	0.129292929
929	0.133625731
930	0.238383838
932	0.230994152
934	0.225071225
936	0.228362573
937	0.178362573
939	0.299415205
940	0.111111111
941	0.125730994
943	0.178643579
944	0.133625731
945	0.149415205
947	0.104558405
949	0.095526696
950	0.137891738
951	0.130994152
952	0.104678363
953	0.094152047
954	0.087734488
955	0.125730994
956	0.134487734
957	0.133625731
958	0.183625731
959	0.102046784
960	0.091520468
961	0.083625731
962	0.103318903
964	0.103318903
965	0.142279942
966	0.125730994
967	0.194227994
968	0.130994152
969	0.115204678
970	0.079938272
972	0.101994302
974	0.082539683
975	0.103318903
976	0.144152047
977	0.157309942
978	0.126695527
979	0.086609687
980	0.094152047
981	0.099415205
982	0.096783626
983	0.167836257
984	0.125730994
985	0.138888889
986	0.099415205
987	0.095526696
988	0.085137085
989	0.078362573
990	0.112573099
991	0.08625731
992	0.104678363
993	0.074747475
994	0.083625731
995	0.094152047
996	0.085137085
997	0.15994152
998	0.178362573
999	0.160968661
1000	0.134487734
1001	0.178362573
1002	0.147474747
1003	0.270467836
1004	0.096783626
1006	0.123099415
1007	0.081481481
1008	0.088888889
1009	0.107309942
1010	0.098124098
1011	0.103318903
1012	0.104678363
1013	0.088888889
1014	0.099415205
1015	0.087734488
1016	0.165204678
1017	0.130994152
1023	0.142279942
1024	0.133625731
1025	0.088888889
1026	0.156399437
1027	0.088888889
1028	0.10994152
1029	0.091520468
1030	0.133625731
1031	0.09033189
1032	0.112573099
1033	0.261760462
1034	0.073789174
1035	0.116305916
1036	0.080994152
1037	0.141520468
1038	0.087734488
1039	0.096783626
1040	0.080994152
1041	0.104678363
1042	0.104678363
1043	0.077344877
1044	0.130994152
1045	0.117836257
1046	0.149415205
1048	0.095526696
1049	0.146783626
1051	0.154678363
1052	0.138888889
1054	0.130994152
1055	0.15994152
1056	0.155266955
1057	0.094152047
1058	0.123099415
1060	0.146783626
1061	0.125730994
1063	0.228362573
1064	0.130994152
1066	0.207309942
1067	0.173099415
1068	0.191630592
1069	0.107309942
1070	0.09033189
1071	0.083625731
1072	0.092929293
1073	0.080994152
1074	0.085137085
1075	0.146783626
1076	0.141520468
1077	0.092929293
1078	0.072150072
1079	0.104678363
1080	0.094152047
1081	0.105916306
1082	0.104678363
1083	0.082539683
1084	0.075730994
1085	0.085137085
1086	0.112573099
1087	0.129292929
1088	0.123099415
1089	0.246176046
1090	0.094152047
1091	0.096783626
1092	0.123099415
1093	0.138074074
1094	0.092740741
1095	0.080994152
1096	0.080994152
1097	0.081481481
1098	0.090576653
1099	0.099415205
1100	0.094152047
1101	0.103318903
1102	0.152046784
1103	0.09033189
1104	0.103318903
1105	0.095526696
1106	0.117836257
1107	0.117836257
1108	0.157309942
1109	0.115204678
1110	0.099415205
1111	0.126695527
1112	0.175730994
1113	0.104558405
1114	0.099415205
1115	0.080994152
1116	0.080994152
1117	0.170467836
1118	0.08625731
1119	0.123099415
1120	0.107309942
1121	0.094152047
1122	0.18625731
1123	0.130994152
1124	0.088888889
1125	0.107309942
1126	0.091520468
1127	0.099430199
1128	0.09033189
1129	0.073099415
1130	0.102046784
1131	0.094152047
1132	0.076353276
1133	0.125730994
1134	0.088888889
1135	0.125730994
1136	0.120467836
1137	0.120467836
1138	0.194227994
1139	0.130994152
1140	0.091520468
1141	0.096783626
1142	0.120467836
1143	0.194227994
1144	0.196783626
1145	0.13968254
1146	0.133625731
1147	0.176353276
1148	0.144152047
1149	0.112250712
1150	0.230994152
1151	0.217836257
1152	0.222799423
1153	0.217836257
1154	0.157309942
1155	0.20968661
1156	0.141520468
1157	0.215007215
1158	0.257309942
1159	0.252046784
1160	0.199415205
1161	0.091520468
1162	0.170467836
1163	0.253968254
1164	0.129292929
1165	0.217836257
1166	0.088888889
1167	0.170467836
1168	0.191737892
1169	0.207215007
1170	0.15994152
1171	0.196825397
1172	0.225730994
1173	0.098124098
1174	0.15994152
1175	0.105916306
1176	0.134487734
1177	0.15007215
1178	0.246783626
1179	0.107309942
1180	0.173099415
1181	0.120467836
1182	0.230994152
1183	0.146783626
1184	0.196783626
1185	0.220467836
1186	0.178362573
1187	0.191630592
1188	0.108513709
1189	0.178362573
1190	0.230994152
1191	0.095639944
1192	0.102046784
1193	0.091520468
1194	0.194152047
1195	0.104678363
1196	0.183625731
1197	0.117378917
1198	0.152046784
1199	0.257309942
1200	0.191630592
1201	0.251370851
1202	0.155266955
1203	0.178643579
1204	0.16046176
1205	0.146783626
1206	0.18625731
1207	0.149415205
1208	0.078362573
1209	0.117836257
1210	0.083625731
1211	0.082539683
1212	0.118903319
1213	0.082539683
1214	0.083625731
1215	0.121500722
1216	0.228362573
1217	0.117836257
1218	0.189173789
1219	0.186609687
1220	0.157309942
1221	0.131890332
1222	0.124098124
1223	0.217836257
1224	0.223099415
1225	0.128362573
1226	0.144152047
1227	0.228362573
1228	0.265204678
1229	0.246176046
1230	0.123099415
1231	0.178362573
1232	0.194227994
1233	0.204617605
1234	0.170467836
1235	0.15994152
1236	0.176046176
1237	0.138888889
1238	0.170851371
1239	0.20981241
1240	0.092929293
1241	0.104678363
1242	0.08625731
1243	0.104678363
1244	0.131890332
1245	0.155840456
1246	0.135327635
1247	0.144152047
1248	0.125730994
1249	0.083625731
1250	0.096783626
1251	0.099415205
1252	0.125730994
1253	0.194152047
1254	0.212409812
1255	0.07994228
1256	0.072150072
1257	0.100721501
1258	0.076353276
1259	0.091520468
1260	0.111111111
1261	0.102046784
1262	0.091520468
1263	0.094152047
1264	0.094301994
1265	0.08625731
1266	0.20994152
1268	0.113708514
1269	0.088888889
1270	0.080994152
1271	0.103318903
1296	0.096783626
1297	0.088888889
1298	0.08625731
1299	0.173099415
1300	0.128362573
1301	0.223099415
1302	0.196825397
1303	0.165656566
1304	0.091520468
1305	0.086609687
1306	0.096783626
1307	0.125071225
1308	0.155266955
1309	0.086609687
1310	0.138888889
1311	0.092929293
1312	0.080994152
1313	0.080994152
1314	0.09033189
1315	0.099415205
1316	0.103318903
1317	0.13625731
1318	0.163059163
1319	0.180994152
1320	0.116305916
1321	0.094152047
1322	0.16046176
1323	0.18625731
1324	0.107122507
1325	0.141520468
1326	0.125730994
1327	0.149415205
1328	0.083625731
1329	0.08625731
1330	0.10994152
1331	0.152046784
1332	0.112573099
1333	0.133625731
1334	0.099415205
1335	0.113708514
1336	0.112573099
1337	0.091520468
1338	0.088888889
1339	0.080994152
1340	0.092929293
1341	0.107309942
1342	0.107309942
1343	0.08625731
1344	0.133625731
1345	0.111111111
1346	0.112573099
1347	0.083625731
1348	0.137085137
1349	0.113708514
1350	0.105916306
1351	0.073099415
1352	0.130994152
1353	0.141520468
1354	0.091520468
1355	0.107309942
1356	0.138888889
1357	0.126695527
1358	0.088888889
1359	0.10994152
1360	0.080994152
1361	0.162573099
1362	0.105916306
1363	0.078362573
1364	0.082539683
1365	0.075730994
1366	0.125730994
1367	0.115204678
1368	0.118903319
1369	0.130994152
1370	0.120467836
1371	0.073099415
1372	0.117836257
1373	0.108513709
1374	0.104678363
1375	0.077344877
1376	0.116740741
1377	0.11994302
1378	0.075730994
1379	0.113708514
1380	0.103318903
1381	0.075730994
1382	0.103318903
1383	0.09033189
1384	0.124098124
1385	0.127635328
1386	0.238888889
1387	0.117836257
1388	0.20994152
1389	0.233189033
1390	0.204617605
1391	0.178362573
1392	0.13625731
1393	0.131890332
1394	0.181240981
1395	0.228362573
1396	0.154678363
1397	0.183838384
1398	0.225730994
1399	0.217836257
1400	0.175730994
1401	0.196825397
1402	0.115204678
1404	0.096783626
1405	0.07994228
1406	0.09033189
1407	0.082539683
1408	0.113708514
1409	0.096783626
1410	0.099415205
1411	0.108513709
1412	0.094152047
1413	0.083625731
1414	0.094152047
1415	0.083625731
1416	0.075730994
1417	0.191630592
1418	0.134487734
1419	0.08625731
1420	0.094152047
1421	0.107309942
1422	0.096783626
1423	0.099415205
1424	0.117836257
1425	0.080994152
1426	0.077344877
1427	0.08625731
1430	0.10994152
1431	0.08625731
1432	0.088888889
1433	0.104678363
1434	0.123099415
1435	0.088888889
1436	0.082539683
1437	0.133625731
1438	0.095526696
1439	0.09033189
1440	0.095526696
1441	0.083625731
1442	0.094152047
1443	0.131890332
1444	0.077344877
1445	0.096783626
1446	0.102046784
1447	0.094152047
1448	0.096783626
1449	0.094152047
1450	0.07994228
1451	0.085137085
1452	0.080994152
1454	0.181240981
1455	0.144152047
1456	0.107309942
1457	0.096783626
1458	0.123099415
1459	0.098124098
1460	0.075730994
1461	0.10994152
1462	0.094152047
1463	0.096783626
1464	0.096783626
1465	0.078362573
1466	0.091520468
1467	0.091520468
1468	0.073099415
1469	0.100721501
1470	0.088888889
1471	0.104678363
1472	0.08625731
1473	0.092929293
1474	0.099415205
1475	0.078362573
1476	0.095526696
1477	0.078362573
1478	0.088888889
1479	0.078362573
1480	0.07994228
1481	0.07994228
1482	0.075730994
1483	0.075730994
1484	0.075730994
1485	0.088888889
1486	0.075730994
1487	0.075730994
1488	0.10994152
1489	0.112573099
1490	0.094152047
1491	0.128362573
1492	0.086609687
1493	0.073099415
1494	0.088888889
1495	0.080994152
1496	0.096783626
1497	0.091520468
1498	0.115204678
1499	0.075730994
1500	0.102046784
1501	0.105916306
1502	0.082074074
1503	0.111111111
1504	0.133625731
1505	0.098124098
1506	0.088888889
1508	0.092929293
1509	0.080994152
1510	0.078917379
1511	0.117836257
1512	0.175730994
1513	0.094301994
1514	0.074747475
1515	0.096783626
1516	0.123099415
1517	0.074074074
1518	0.091520468
1519	0.115204678
1521	0.120467836
1522	0.123099415
1523	0.094152047
1524	0.152046784
1525	0.091737892
1526	0.088888889
1527	0.188888889
1528	0.13625731
1529	0.204617605
1530	0.10994152
1531	0.088888889
1532	0.075730994
1533	0.103318903
1534	0.104678363
1535	0.10994152
1536	0.09033189
1537	0.080994152
1539	0.094152047
1540	0.074747475
1541	0.075730994
1542	0.092929293
1543	0.091737892
1544	0.091520468
1545	0.094152047
1546	0.087734488
1548	0.07994228
1550	0.117836257
1551	0.08625731
1552	0.088888889
1553	0.103318903
1554	0.112573099
1555	0.082539683
1556	0.103318903
1557	0.096783626
1558	0.091520468
1559	0.141520468
1560	0.114459665
1561	0.078362573
1562	0.103318903
1563	0.117836257
1564	0.085137085
1565	0.075730994
1566	0.102046784
1567	0.077344877
1568	0.088888889
1569	0.099415205
1570	0.104678363
1571	0.096783626
1572	0.080994152
1573	0.082539683
1574	0.113708514
1575	0.116305916
1576	0.105916306
1577	0.083625731
1578	0.078362573
1579	0.092929293
1580	0.080994152
1581	0.078362573
1582	0.07994228
1583	0.073099415
1584	0.092929293
1585	0.104678363
1586	0.077344877
1587	0.083625731
1588	0.099415205
1589	0.073099415
1590	0.080994152
1591	0.09033189
1592	0.114814815
1593	0.08625731
1594	0.095526696
1595	0.07994228
1596	0.07994228
1597	0.092929293
1598	0.099415205
1599	0.100721501
1600	0.099415205
1601	0.111111111
1602	0.08625731
1603	0.083625731
1604	0.115204678
1605	0.091520468
1606	0.096783626
1607	0.099415205
1608	0.098124098
1609	0.096783626
1611	0.075730994
1612	0.087734488
1613	0.075730994
1614	0.099415205
1615	0.215007215
1616	0.088888889
1617	0.133625731
1618	0.104678363
1619	0.087734488
1620	0.09033189
1621	0.082539683
1622	0.091520468
1623	0.083625731
1624	0.128362573
1625	0.09033189
1626	0.091520468
1627	0.120467836
1628	0.078362573
1630	0.096783626
1631	0.120467836
1632	0.074747475
1633	0.08625731
1634	0.102046784
1635	0.089173789
1636	0.142279942
1637	0.088888889
1638	0.113708514
1639	0.120467836
1640	0.075730994
1641	0.094152047
1642	0.080994152
1643	0.102046784
1644	0.112573099
1645	0.091520468
1646	0.091520468
1647	0.080994152
1648	0.099415205
1649	0.091520468
1650	0.133625731
1651	0.102046784
1652	0.083625731
1653	0.09033189
1654	0.099415205
1655	0.083625731
1656	0.085137085
1657	0.096783626
1658	0.07994228
1659	0.094301994
1660	0.102046784
1661	0.083625731
1662	0.082539683
1663	0.078362573
1664	0.102046784
1665	0.246783626
1666	0.078362573
1667	0.246783626
1668	0.199422799
1669	0.259163059
1670	0.238888889
1671	0.275730994
1672	0.165656566
1673	0.212573099
1674	0.094152047
1675	0.102046784
1676	0.083625731
1677	0.128362573
1678	0.13019943
1679	0.07994228
1680	0.078362573
1681	0.083625731
1682	0.091520468
1683	0.094152047
1684	0.092929293
1685	0.125730994
1686	0.117836257
1687	0.08625731
1688	0.102046784
1689	0.13968254
1690	0.13968254
1691	0.112573099
1692	0.124098124
1693	0.078362573
1694	0.094152047
1695	0.116305916
1696	0.085137085
1697	0.085137085
1698	0.107309942
1699	0.152046784
1700	0.118903319
1701	0.144152047
1702	0.087734488
1703	0.073099415
1704	0.141520468
1705	0.091520468
1706	0.112573099
1707	0.083625731
1708	0.112573099
1709	0.117836257
1710	0.10994152
1711	0.20981241
1712	0.107309942
1713	0.137085137
1714	0.123099415
1715	0.228362573
1716	0.167836257
1717	0.112573099
1718	0.225730994
1719	0.199415205
1720	0.10994152
1721	0.092929293
1722	0.13968254
1723	0.102046784
1724	0.107309942
1725	0.087734488
1726	0.188888889
1727	0.112573099
1728	0.083625731
1729	0.181240981
1730	0.088888889
1731	0.074747475
1732	0.199415205
1733	0.149415205
1734	0.204678363
1735	0.173448773
1736	0.103318903
1737	0.125730994
1739	0.113708514
1741	0.078362573
1743	0.103318903
1745	0.125730994
1746	0.128362573
1748	0.125730994
1750	0.111111111
1752	0.092929293
1754	0.13625731
1756	0.078362573
1758	0.125730994
1760	0.079407407
1762	0.091520468
1763	0.096783626
1765	0.146783626
1766	0.089173789
1767	0.099415205
1768	0.147474747
1769	0.078362573
1770	0.111407407
1771	0.09033189
1772	0.115204678
1773	0.10994152
1774	0.124098124
1775	0.117836257
1776	0.091520468
1777	0.107122507
1778	0.092929293
1779	0.091520468
1781	0.191520468
1782	0.094152047
1783	0.098124098
1784	0.196783626
1786	0.125730994
1788	0.116305916
1789	0.077344877
1791	0.099415205
1793	0.078362573
1794	0.096783626
1795	0.138888889
1796	0.133625731
1797	0.144877345
1798	0.099415205
1799	0.220467836
1802	0.144152047
1803	0.128362573
1805	0.078362573
1806	0.105916306
1808	0.095526696
1810	0.130994152
1811	0.134487734
1812	0.102046784
1813	0.129292929
1814	0.102046784
1815	0.104678363
1816	0.094152047
1817	0.088271605
1818	0.125730994
1819	0.10994152
1820	0.087734488
1821	0.088888889
1822	0.112573099
1823	0.083625731
1824	0.073099415
1825	0.080994152
1826	0.099415205
1827	0.108513709
1828	0.08625731
1829	0.08625731
1830	0.09033189
1831	0.149415205
1832	0.083625731
1833	0.111111111
1834	0.115204678
1835	0.088888889
1836	0.078362573
1837	0.078362573
1838	0.118424754
1839	0.112573099
1840	0.08625731
1841	0.080994152
1842	0.108513709
1843	0.08625731
1844	0.107309942
1845	0.083625731
1846	0.088888889
1847	0.091520468
1848	0.083625731
1849	0.128362573
1850	0.088888889
1851	0.083625731
1852	0.124098124
1853	0.078362573
1854	0.10994152
1855	0.099415205
1856	0.08625731
1857	0.120467836
1858	0.099415205
1859	0.10994152
1860	0.075730994
1861	0.117836257
1862	0.078362573
1863	0.103318903
1864	0.083625731
1865	0.08625731
1866	0.075730994
1867	0.112573099
1868	0.13019943
1869	0.099415205
1870	0.088888889
1871	0.088888889
1872	0.091520468
1873	0.120467836
1874	0.091520468
1875	0.083625731
1876	0.073099415
1877	0.091520468
1878	0.092929293
1879	0.215204678
1880	0.099415205
1881	0.107309942
1882	0.09033189
1883	0.121500722
1884	0.088888889
1885	0.094152047
1886	0.121500722
1889	0.115204678
1890	0.099415205
1891	0.094152047
1892	0.080994152
1893	0.091520468
1894	0.105916306
1895	0.072150072
1896	0.083625731
1897	0.095526696
1898	0.10994152
1899	0.080994152
1900	0.102046784
1901	0.121500722
1902	0.088888889
1903	0.073099415
1904	0.077344877
1905	0.112573099
1906	0.115204678
1907	0.074747475
1908	0.116305916
1909	0.099415205
1910	0.075730994
1911	0.112573099
1912	0.118903319
1913	0.099415205
1914	0.096783626
1915	0.10994152
1916	0.128362573
1917	0.094152047
1918	0.099415205
1919	0.117836257
1920	0.146783626
1921	0.10994152
1922	0.102046784
1923	0.08625731
1924	0.088888889
1925	0.083625731
1926	0.073099415
1927	0.111111111
1928	0.091520468
1929	0.094152047
1930	0.162573099
1931	0.087734488
1932	0.08625731
1933	0.075730994
1934	0.074747475
1935	0.094152047
1936	0.082539683
1938	0.078362573
1939	0.088888889
1940	0.073099415
1941	0.098124098
1942	0.10994152
1943	0.075730994
1944	0.10994152
1945	0.091520468
1946	0.073099415
1947	0.08625731
1948	0.107309942
1949	0.096783626
1950	0.080994152
1951	0.091520468
1952	0.100740741
1953	0.072150072
1954	0.074747475
1955	0.091520468
1956	0.077344877
1957	0.073789174
1958	0.102046784
1959	0.115204678
1960	0.099415205
1961	0.083625731
1962	0.078362573
1963	0.078362573
1964	0.095526696
1965	0.107309942
1966	0.072150072
1967	0.082539683
1968	0.078362573
1969	0.080994152
1970	0.094152047
1971	0.095526696
1972	0.088888889
1973	0.102046784
1974	0.088888889
1975	0.09033189
1976	0.104678363
1977	0.10994152
1978	0.08625731
1979	0.08625731
1980	0.075730994
1981	0.08625731
1982	0.080994152
1983	0.094152047
1984	0.073099415
1985	0.096866097
1986	0.088888889
1987	0.09033189
1988	0.094152047
1989	0.08625731
1990	0.075730994
1991	0.117836257
1992	0.117836257
1993	0.087734488
1994	0.078362573
1995	0.082539683
1996	0.170467836
1997	0.141520468
1998	0.123099415
1999	0.083625731
2000	0.138888889
2001	0.104678363
2002	0.108513709
2003	0.149415205
2004	0.142279942
2005	0.082539683
2006	0.104678363
2007	0.157864358
2008	0.091520468
2009	0.115204678
2010	0.107309942
2011	0.126695527
2012	0.102046784
2013	0.094152047
2014	0.080994152
2015	0.225396825
2016	0.092929293
2017	0.080994152
2018	0.133625731
2019	0.107309942
2020	0.127635328
2021	0.077344877
2022	0.102046784
2023	0.095526696
2024	0.095526696
2025	0.085137085
2026	0.104678363
2027	0.112573099
2028	0.085137085
2029	0.178917379
2030	0.126695527
2031	0.111407407
2032	0.099415205
2033	0.145925926
2034	0.144152047
2035	0.082539683
2036	0.076353276
2037	0.088888889
2038	0.102046784
2039	0.076353276
2040	0.194152047
2041	0.117836257
2042	0.149415205
2043	0.15994152
2044	0.178643579
2045	0.188888889
2046	0.162573099
2047	0.235786436
2048	0.107309942
2049	0.103318903
2050	0.08625731
2051	0.128362573
2052	0.141520468
2053	0.18625731
2054	0.157309942
2055	0.152046784
2056	0.103318903
2057	0.080994152
2058	0.202020202
2059	0.202046784
2060	0.103318903
2061	0.180994152
2062	0.108513709
2063	0.099415205
2064	0.078362573
2065	0.142279942
2066	0.082074074
2067	0.207215007
2068	0.144152047
2069	0.10994152
2070	0.126695527
2071	0.115204678
2072	0.176046176
2073	0.094152047
2074	0.10994152
2075	0.116305916
2076	0.10994152
2077	0.155266955
2078	0.102046784
2079	0.073099415
2080	0.091520468
2081	0.130994152
2082	0.154678363
2083	0.102046784
2084	0.133625731
2085	0.149415205
2086	0.137085137
2087	0.10994152
2088	0.143019943
2090	0.083625731
2091	0.176046176
2093	0.115204678
2094	0.077344877
2095	0.088888889
2096	0.102046784
2097	0.105916306
2098	0.078362573
2099	0.107309942
2100	0.09033189
2101	0.092929293
2102	0.088888889
2103	0.115204678
2104	0.074747475
2105	0.094152047
2106	0.075730994
2107	0.107309942
2108	0.082539683
2109	0.09033189
2110	0.07994228
2111	0.072150072
2112	0.07994228
2113	0.077160494
2114	0.115204678
2115	0.104678363
2116	0.083625731
2117	0.131890332
2118	0.077344877
2119	0.078362573
2120	0.082539683
2121	0.078362573
2122	0.07994228
2123	0.085137085
2124	0.083625731
2125	0.091520468
2126	0.08625731
2127	0.078362573
2128	0.096783626
2129	0.080994152
2130	0.092929293
2131	0.083625731
2132	0.083625731
2133	0.096783626
2134	0.120467836
2135	0.108740741
2136	0.094152047
2137	0.099415205
2138	0.128362573
2139	0.104678363
2140	0.091520468
2141	0.123099415
2142	0.088888889
2143	0.091520468
2144	0.088888889
2145	0.092929293
2146	0.091520468
2147	0.09033189
2148	0.073099415
2149	0.094152047
2150	0.094152047
2151	0.094301994
2152	0.107309942
2153	0.088888889
2154	0.094152047
2155	0.080994152
2156	0.078362573
2157	0.078362573
2158	0.078362573
2159	0.087734488
2160	0.083625731
2161	0.096783626
2162	0.082539683
2163	0.080994152
2164	0.130994152
2165	0.099415205
2166	0.131890332
2167	0.073099415
2168	0.099415205
2169	0.092929293
2170	0.09033189
2171	0.094152047
2172	0.075730994
2173	0.105916306
2174	0.09033189
2175	0.104678363
2176	0.095526696
2177	0.107309942
2178	0.08625731
2179	0.099415205
2180	0.075730994
2181	0.096783626
2182	0.08625731
2183	0.091520468
2184	0.094152047
2185	0.091520468
2186	0.096783626
2187	0.083625731
2188	0.094152047
2189	0.102046784
2190	0.102046784
2191	0.13968254
2192	0.078362573
2193	0.080994152
2194	0.102046784
2195	0.080994152
2196	0.095526696
2197	0.096783626
2198	0.100721501
2199	0.083625731
2200	0.088888889
2201	0.09033189
2202	0.130994152
2203	0.099415205
2204	0.077344877
2205	0.083625731
2206	0.10994152
2207	0.10994152
2208	0.08625731
2209	0.10994152
2210	0.083625731
2211	0.094152047
2212	0.08625731
2213	0.088888889
2214	0.099415205
2215	0.078362573
2216	0.080994152
2217	0.087734488
2218	0.094152047
2219	0.102046784
2220	0.099415205
2221	0.092929293
2222	0.126695527
2223	0.196825397
2224	0.125730994
2225	0.104678363
2226	0.075730994
2227	0.088888889
2228	0.088888889
2229	0.096866097
2230	0.07994228
2231	0.10994152
2232	0.105916306
2233	0.144152047
2234	0.102046784
2235	0.104678363
2236	0.082539683
2237	0.102046784
2238	0.107309942
2239	0.083625731
2240	0.078362573
2241	0.112573099
2242	0.078362573
2243	0.080994152
2244	0.152669553
2245	0.08625731
2246	0.092929293
2247	0.080994152
2248	0.088888889
2249	0.124098124
2250	0.091520468
2251	0.123099415
2252	0.073099415
2253	0.075730994
2254	0.105916306
2255	0.095526696
2256	0.07994228
2257	0.08625731
2258	0.074747475
2259	0.102046784
2260	0.087734488
2261	0.091520468
2262	0.09033189
2263	0.078917379
2264	0.074747475
2265	0.08625731
2266	0.094301994
2267	0.096783626
2268	0.075730994
2269	0.090074074
2270	0.09033189
2271	0.088888889
2272	0.100721501
2273	0.08625731
2274	0.083625731
2275	0.105916306
2276	0.094152047
2277	0.096783626
2278	0.085513361
2279	0.112573099
2280	0.07994228
2281	0.121500722
2282	0.07994228
2283	0.102046784
2284	0.09033189
2285	0.100721501
2286	0.105916306
2287	0.104678363
2288	0.113708514
2289	0.104678363
2290	0.09033189
2291	0.091520468
2292	0.091520468
2293	0.087734488
2294	0.09033189
2295	0.091520468
2296	0.088888889
2297	0.111111111
2298	0.107309942
2299	0.099415205
2300	0.074747475
2301	0.077344877
2302	0.08625731
2303	0.07994228
2304	0.099415205
2305	0.103318903
2306	0.075730994
2307	0.07994228
2308	0.083625731
2309	0.092929293
2312	0.088888889
2313	0.112573099
2314	0.094152047
2315	0.123099415
2316	0.078362573
2317	0.107309942
2318	0.125730994
2319	0.099415205
2320	0.074747475
2321	0.095526696
2322	0.104678363
2323	0.080994152
2324	0.073099415
2325	0.107309942
2326	0.099415205
2327	0.100721501
2328	0.105916306
2329	0.074747475
2330	0.120467836
2331	0.08625731
2332	0.102046784
2333	0.102046784
2334	0.099415205
2335	0.07994228
2336	0.10994152
2337	0.086609687
2338	0.088888889
2339	0.116305916
2340	0.09033189
2341	0.103318903
2342	0.087734488
2343	0.085137085
2344	0.080994152
2345	0.094152047
2346	0.094152047
2347	0.144877345
2348	0.156740741
2349	0.08625731
2350	0.094152047
2368	0.091520468
2369	0.088888889
2370	0.083625731
2371	0.085137085
2372	0.080994152
2373	0.075730994
2374	0.08625731
2375	0.123099415
2376	0.092929293
2377	0.088888889
2378	0.082074074
2379	0.102046784
2380	0.087407407
2381	0.088888889
2382	0.094152047
2383	0.091520468
2384	0.08625731
2385	0.09033189
2386	0.077344877
2387	0.075730994
2388	0.096783626
2389	0.075730994
2390	0.112573099
2391	0.078362573
2392	0.07994228
2393	0.086609687
2394	0.083625731
2395	0.075730994
2396	0.085137085
2397	0.107309942
2398	0.102046784
2399	0.082539683
2400	0.092929293
2401	0.091520468
2402	0.082539683
2403	0.104678363
2404	0.081481481
2405	0.09033189
2406	0.076353276
2407	0.144152047
2408	0.091520468
2409	0.088888889
2410	0.085137085
2411	0.117836257
2412	0.087734488
2413	0.07994228
2414	0.100721501
2415	0.124098124
2416	0.091520468
2417	0.130994152
2418	0.074747475
2419	0.08625731
2420	0.120467836
2421	0.096783626
2422	0.099415205
2423	0.111111111
2424	0.099415205
2425	0.085513361
2426	0.088888889
2427	0.130994152
2428	0.115204678
2429	0.138074074
2430	0.100721501
2431	0.084045584
2432	0.100721501
2433	0.095526696
2434	0.133625731
2435	0.20968661
2436	0.160968661
2437	0.191520468
2438	0.131890332
2439	0.163059163
2440	0.191737892
2441	0.112573099
2442	0.084045584
2443	0.108513709
2444	0.099415205
2445	0.137085137
2446	0.102046784
2447	0.107309942
2448	0.113708514
2449	0.117836257
2450	0.128362573
2451	0.102046784
2452	0.085137085
2453	0.087734488
2454	0.087734488
2455	0.104678363
2456	0.087734488
2457	0.099415205
2458	0.094152047
2459	0.092929293
2460	0.104558405
2461	0.111111111
2462	0.09033189
2463	0.08625731
2464	0.099415205
2465	0.096783626
2466	0.100721501
2467	0.085137085
2468	0.108513709
2469	0.094152047
2470	0.130074074
2471	0.15007215
2472	0.102046784
2473	0.094152047
2474	0.091520468
2475	0.078917379
2476	0.098124098
2477	0.096866097
2478	0.103318903
2479	0.104678363
2480	0.08625731
2481	0.125730994
2482	0.10994152
2483	0.091520468
2484	0.155266955
2485	0.09033189
2486	0.16046176
2486.1	0.157864358
2487	0.088888889
2488	0.129292929
2489	0.10994152
2490	0.157309942
2491	0.099415205
2492	0.099415205
2493	0.14045584
2494	0.196866097
2495	0.091520468
2496	0.091520468
2497	0.099415205
2498	0.099415205
2499	0.080994152
2500	0.077344877
2501	0.102046784
2502	0.091520468
2503	0.099415205
2504	0.115204678
2505	0.087734488
2506	0.144877345
2507	0.149415205
2508	0.125730994
2509	0.085137085
2510	0.104678363
2511	0.117836257
2512	0.123099415
2513	0.102046784
2514	0.107309942
2515	0.077344877
2516	0.117836257
2517	0.115204678
2518	0.073099415
2519	0.094152047
2520	0.078362573
2521	0.102046784
2522	0.123099415
2523	0.087734488
2524	0.098124098
2525	0.073099415
2526	0.080994152
2527	0.100721501
2528	0.082539683
2529	0.078362573
2530	0.08625731
2531	0.104678363
2532	0.083625731
2533	0.095526696
2534	0.077344877
2535	0.092929293
2536	0.077344877
2537	0.096783626
2538	0.104678363
2539	0.075730994
2540	0.095526696
2541	0.137085137
2542	0.108513709
2543	0.088888889
2544	0.088888889
2545	0.099415205
2546	0.083625731
2547	0.07994228
2548	0.078362573
2549	0.102046784
2550	0.085137085
2551	0.130994152
2552	0.099415205
2553	0.08045007
2554	0.117836257
2555	0.082074074
2556	0.078362573
2557	0.108513709
2558	0.096783626
2559	0.104678363
2560	0.102046784
2561	0.091520468
2562	0.13019943
2563	0.096783626
2564	0.075730994
2565	0.107309942
2566	0.092929293
2567	0.072150072
2568	0.096783626
2569	0.094152047
2570	0.083625731
2571	0.100721501
2572	0.104678363
2573	0.07994228
2574	0.082539683
2575	0.105916306
2576	0.16046176
2577	0.083625731
2578	0.078362573
2579	0.091520468
2580	0.115204678
2581	0.101994302
2582	0.120467836
2583	0.099415205
2584	0.09033189
2585	0.113708514
2586	0.105916306
2587	0.13968254
2588	0.128362573
2589	0.07994228
2590	0.102046784
2591	0.108513709
2592	0.087734488
2593	0.07994228
2594	0.089173789
2595	0.088888889
2596	0.094152047
2597	0.088888889
2598	0.074747475
2599	0.091520468
2600	0.088888889
2601	0.085137085
2602	0.088888889
2603	0.072150072
2604	0.115204678
2605	0.078362573
2606	0.107122507
2607	0.112573099
2608	0.083625731
2609	0.102046784
2610	0.099415205
2611	0.088888889
2612	0.075730994
2613	0.117836257
2614	0.08625731
2614.1	0.091520468
2614.2	0.091520468
2615	0.07994228
2616	0.121500722
2617	0.088888889
2618	0.091520468
2619	0.08625731
2620	0.080994152
2621	0.103318903
2622	0.099430199
2623	0.10994152
2624	0.083625731
2625	0.085137085
2626	0.075730994
2627	0.123099415
2628	0.09033189
2628.1	0.087734488
2629	0.115204678
2630	0.088888889
2631	0.113708514
2632	0.083625731
2633	0.091520468
2634	0.094152047
2635	0.111111111
2636	0.108513709
2637	0.099415205
2638	0.125730994
2639	0.083625731
2640	0.125730994
2641	0.082539683
2642	0.117836257
2643	0.088888889
2644	0.115204678
2645	0.165204678
2646	0.121500722
2647	0.10994152
2648	0.091520468
2649	0.083625731
2650	0.078917379
2651	0.103318903
2652	0.091520468
2653	0.105916306
2654	0.113708514
2655	0.100721501
2656	0.100721501
2657	0.134487734
2658	0.120467836
2659	0.098124098
2660	0.08625731
2661	0.088888889
2662	0.083625731
2663	0.078362573
2664	0.07994228
2665	0.116305916
2666	0.08625731
2667	0.083625731
2668	0.075730994
2669	0.102046784
2670	0.10994152
2671	0.091520468
2672	0.138888889
2673	0.112573099
2674	0.104678363
2675	0.112573099
2676	0.096783626
2677	0.150712251
2678	0.083625731
2679	0.098124098
2680	0.117378917
2681	0.088888889
2682	0.091520468
2683	0.091520468
2684	0.129292929
2685	0.10994152
2686	0.078362573
2687	0.092929293
2688	0.092929293
2689	0.091520468
2690	0.08625731
2691	0.075730994
2692	0.104678363
2693	0.091737892
2694	0.088888889
2695	0.118903319
2696	0.103318903
2697	0.102046784
2697.1	0.102046784
2698	0.108513709
2699	0.100721501
2700	0.091520468
2701	0.104678363
2702	0.099415205
2703	0.117836257
2704	0.08625731
2705	0.149415205
2706	0.098124098
2707	0.104678363
2708	0.08625731
2709	0.082539683
2710	0.144152047
2711	0.096783626
2712	0.116305916
2713	0.094152047
2714	0.130994152
2715	0.096783626
2716	0.094301994
2717	0.112573099
2718	0.104678363
2719	0.080994152
2720	0.098124098
2721	0.107309942
2722	0.091520468
2723	0.105916306
2724	0.173099415
2725	0.129292929
2726	0.130994152
2727	0.196825397
2728	0.168253968
2729	0.189173789
2730	0.215204678
2731	0.155266955
2732	0.285137085
2733	0.194227994
2734	0.13968254
2735	0.194152047
2736	0.122507123
2737	0.173099415
2738	0.142279942
2739	0.228362573
2740	0.18625731
2741	0.126695527
2742	0.14045584
2743	0.153276353
2743.1	0.148148148
2744	0.096783626
2745	0.148148148
2746	0.228362573
2747	0.170851371
2748	0.157309942
2749	0.146783626
2750	0.078362573
2751	0.138888889
2752	0.114814815
2753	0.152669553
2754	0.075730994
2755	0.094152047
2756	0.070323488
2757	0.125730994
2758	0.08625731
2759	0.125730994
2760	0.103318903
2761	0.072150072
2762	0.099415205
2763	0.096783626
2764	0.073099415
2765	0.077344877
2766	0.152046784
2767	0.085513361
2768	0.155266955
2769	0.075730994
2770	0.121500722
2771	0.13968254
2772	0.105916306
2773	0.080994152
2774	0.096783626
2775	0.083625731
2776	0.088888889
2777	0.087734488
2778	0.113708514
2779	0.167836257
2780	0.10994152
2781	0.120467836
2782	0.120467836
2783	0.078362573
2784	0.089173789
2785	0.085137085
2786	0.077344877
2787	0.107122507
2788	0.094152047
2789	0.082539683
2790	0.103318903
2791	0.098124098
2792	0.086609687
2793	0.078362573
2794	0.135327635
2795	0.13625731
2796	0.102046784
2797	0.15994152
2798	0.124098124
2799	0.087734488
2800	0.077344877
2801	0.191520468
2802	0.08625731
2802.1	0.091520468
2803	0.115204678
2804	0.102046784
2805	0.142279942
2806	0.116305916
2807	0.085137085
2808	0.094152047
2809	0.085137085
2810	0.105916306
2811	0.099415205
2812	0.091520468
2813	0.085137085
2814	0.083625731
2815	0.073099415
2816	0.103318903
2817	0.100721501
2818	0.102046784
2819	0.107309942
2820	0.078362573
2821	0.082539683
2822	0.152669553
2823	0.154678363
2824	0.088888889
2825	0.102046784
2826	0.083625731
2827	0.07994228
2828	0.100721501
2829	0.098124098
2830	0.091520468
2831	0.149415205
2832	0.123099415
2833	0.08625731
2834	0.087407407
2835	0.075730994
2836	0.102046784
2837	0.107309942
2838	0.096783626
2839	0.101994302
2840	0.083625731
2841	0.080994152
2842	0.07994228
2843	0.073099415
2844	0.073099415
2845	0.128362573
2846	0.085137085
2847	0.085513361
2848	0.074747475
2849	0.08625731
2850	0.073099415
2851	0.10323488
2852	0.082539683
2853	0.078362573
2854	0.075730994
2855	0.086609687
2856	0.078917379
2857	0.077344877
2858	0.091520468
2859	0.111111111
2860	0.125730994
2861	0.165656566
2861.1	0.165656566
2862	0.087734488
2863	0.085137085
2864	0.08625731
2865	0.087734488
2866	0.080994152
2867	0.094152047
2868	0.091520468
2869	0.082539683
2870	0.088888889
2871	0.07994228
2872	0.08625731
2873	0.08625731
2874	0.096783626
2875	0.102046784
2876	0.087734488
2877	0.096783626
2878	0.094152047
2879	0.08625731
2880	0.099415205
2881	0.075730994
2882	0.088888889
2883	0.078362573
2884	0.075730994
2885	0.091520468
2886	0.103318903
2887	0.104678363
2888	0.095526696
2889	0.089173789
2890	0.080994152
2891	0.078917379
2892	0.078362573
2893	0.096866097
2894	0.094152047
2895	0.07994228
2896	0.098124098
2897	0.082539683
2898	0.083625731
2899	0.077344877
2900	0.083625731
2901	0.091520468
2902	0.098124098
2903	0.123099415
2904	0.077344877
2905	0.082539683
2906	0.087734488
2907	0.078362573
2908	0.112573099
2909	0.081481481
2910	0.108513709
2911	0.122507123
2912	0.096783626
2913	0.082539683
2914	0.094152047
2915	0.098124098
2916	0.115204678
2917	0.075730994
2918	0.098124098
2919	0.082539683
2920	0.076353276
2921	0.095526696
2922	0.077344877
2923	0.092929293
2924	0.074747475
2925	0.092929293
2926	0.078362573
2927	0.123099415
2928	0.107309942
2929	0.077344877
2930	0.095526696
2931	0.075730994
2932	0.105916306
2933	0.100721501
2934	0.085137085
2935	0.094152047
2936	0.074747475
2937	0.094152047
2938	0.08625731
2939	0.077344877
2940	0.107309942
2941	0.091520468
2942	0.087734488
2943	0.105916306
2944	0.091520468
2945	0.113708514
2946	0.087734488
2947	0.120467836
2948	0.123099415
2949	0.094152047
2950	0.091520468
2951	0.094152047
2952	0.081481481
2953	0.094152047
2954	0.073099415
2955	0.092740741
2956	0.073099415
2957	0.078362573
2958	0.088888889
2959	0.095526696
2960	0.105916306
2961	0.123099415
2962	0.074747475
2963	0.099415205
2964	0.07994228
2965	0.117836257
2966	0.088888889
2967	0.092929293
2968	0.130994152
2969	0.08625731
2970	0.096783626
2971	0.154678363
2972	0.091520468
2973	0.074747475
2974	0.096783626
2975	0.078362573
2976	0.098124098
2977	0.094152047
2978	0.074747475
2979	0.08625731
2980	0.075730994
2981	0.091520468
2982	0.09033189
2983	0.10994152
2984	0.08625731
2985	0.091520468
2985.1	0.088888889
2986	0.096783626
2987	0.08625731
2988	0.080994152
2989	0.100721501
2990	0.183625731
2991	0.086609687
2992	0.094152047
2993	0.102046784
2994	0.073099415
2995	0.107309942
2996	0.112573099
2997	0.10994152
2998	0.163994374
2998.1	0.163994374
2999	0.11994302
3000	0.088888889
3001	0.091520468
3002	0.088888889
3003	0.10994152
3004	0.10994152
3005	0.087734488
3006	0.095639944
3007	0.094152047
3008	0.08625731
3009	0.096783626
3010	0.120467836
3011	0.08625731
3012	0.112573099
3013	0.107309942
3014	0.073099415
3015	0.13625731
3016	0.103318903
3017	0.100721501
3018	0.085137085
3019	0.091520468
3020	0.105916306
3021	0.080994152
3022	0.113708514
3023	0.166096866
3024	0.125730994
3025	0.107309942
3026	0.178362573
3027	0.170851371
3028	0.141520468
3029	0.201994302
3030	0.096783626
3031	0.095526696
3032	0.085137085
3033	0.096783626
3034	0.129292929
3035	0.07994228
3036	0.118903319
3037	0.089173789
3038	0.094301994
3039	0.108513709
3040	0.075730994
3041	0.111111111
3042	0.078362573
3043	0.094152047
3044	0.092929293
3045	0.08625731
3046	0.181240981
3047	0.091520468
3048	0.133625731
3049	0.084045584
3050	0.096783626
3051	0.08625731
3052	0.092929293
3053	0.07994228
3054	0.077344877
3055	0.078362573
3056	0.120467836
3057	0.129292929
3058	0.085137085
3059	0.080994152
3060	0.083625731
3061	0.08625731
3062	0.073099415
3063	0.083625731
3064	0.081481481
3065	0.100721501
3066	0.08625731
3067	0.091520468
3068	0.102046784
3069	0.104678363
3070	0.098124098
3071	0.120467836
3072	0.13625731
3073	0.105916306
3074	0.071225071
3075	0.113708514
3076	0.222799423
3077	0.165204678
3078	0.123099415
3079	0.173099415
3080	0.183625731
3081	0.092929293
3082	0.077344877
3083	0.07994228
3084	0.13968254
3085	0.083625731
3086	0.073099415
3087	0.10994152
3088	0.094152047
3089	0.09033189
3090	0.131890332
3091	0.103318903
3092	0.107309942
3093	0.100721501
3094	0.091520468
3095	0.08625731
3096	0.121500722
3097	0.091520468
3098	0.094152047
3099	0.107309942
3100	0.112573099
3101	0.104678363
3102	0.102046784
3103	0.08625731
3104	0.099415205
3105	0.087734488
3106	0.120467836
3107	0.115204678
3108	0.120467836
3109	0.083625731
3110	0.087734488
3111	0.080994152
3112	0.075730994
3113	0.08625731
3114	0.072150072
3115	0.091520468
3116	0.092929293
3117	0.120467836
3118	0.128362573
3119	0.095526696
3120	0.094152047
3121	0.078362573
3122	0.072150072
3123	0.088888889
3124	0.099415205
3125	0.094152047
3126	0.091520468
3127	0.104678363
3128	0.116305916
3129	0.075730994
3130	0.116305916
3131	0.088888889
3132	0.099415205
3133	0.075730994
3134	0.091737892
3135	0.077344877
3136	0.10994152
3137	0.100721501
3138	0.096783626
3139	0.096783626
3140	0.091737892
3141	0.104678363
3142	0.08625731
3143	0.08625731
3144	0.075730994
3145	0.102046784
3146	0.073099415
3147	0.085137085
3148	0.128362573
3149	0.096783626
3150	0.123099415
3151	0.111111111
3152	0.096783626
3153	0.178362573
3154	0.095526696
3155	0.089173789
3156	0.152669553
3157	0.107309942
3158	0.162573099
3159	0.130994152
3160	0.305916306
3161	0.104678363
3162	0.091520468
3163	0.091520468
3164	0.178643579
3165	0.141520468
3166	0.230591631
3167	0.165204678
3168	0.146783626
3169	0.189033189
3170	0.118903319
3171	0.138888889
3172	0.144152047
3173	0.170467836
3174	0.196825397
3175	0.134487734
3176	0.075730994
3177	0.158404558
3178	0.102046784
3179	0.112573099
3180	0.115204678
3181	0.08625731
3182	0.078362573
3183	0.104678363
3184	0.098124098
3185	0.072150072
3186	0.075730994
3187	0.096783626
3188	0.087734488
3189	0.082539683
3190	0.108513709
3191	0.088888889
3192	0.10994152
3193	0.091520468
3194	0.102046784
3195	0.130994152
3196	0.102046784
3197	0.178362573
3198	0.104558405
3199	0.215204678
3200	0.178643579
3201	0.099415205
3202	0.121500722
3203	0.194227994
3204	0.075730994
3205	0.158931083
3206	0.130994152
3207	0.088888889
3208	0.118903319
3209	0.082539683
3210	0.091520468
3211	0.157309942
3212	0.120467836
3213	0.080994152
3214	0.13625731
3215	0.141520468
3216	0.080994152
3217	0.155266955
3218	0.13968254
3219	0.108513709
3220	0.115204678
3224	0.08625731
3226	0.162573099
3228	0.088888889
3229	0.088888889
3231	0.115204678
3235	0.106074074
3238	0.173789174
3241	0.105916306
3244	0.189033189
3246	0.08625731
3249	0.108513709
3251	0.133625731
3252	0.099415205
3254	0.134487734
3256	0.100721501
3257	0.113708514
3259	0.082981716
3261	0.094152047
3262	0.088888889
3264	0.103318903
3265	0.08625731
3267	0.083625731
3269	0.091520468
3271	0.075730994
3273	0.124098124
3275	0.078362573
3277	0.08625731
3279	0.078362573
3282	0.080994152
3283	0.091520468
3285	0.08625731
3287	0.103318903
3290	0.094152047
3292	0.115204678
3294	0.128362573
3296	0.117836257
3298	0.095526696
3304	0.072150072
3306	0.086609687
3308	0.096783626
3311	0.07994228
3313	0.121500722
3315	0.102046784
3316	0.085137085
3317	0.103318903
3319	0.10994152
3320	0.11994302
3321	0.073099415
3322	0.099415205
3325	0.10994152
3328	0.100740741
3334	0.080994152
3337	0.117836257
3338	0.157309942
3340	0.120467836
3341	0.094152047
3342	0.102046784
3343	0.225730994
3345	0.082539683
3347	0.080994152
3348	0.141520468
3349	0.270467836
3350	0.095526696
3351	0.08625731
3352	0.094152047
3353	0.115204678
3354	0.08625731
3355	0.113708514
3356	0.10994152
3357	0.094152047
3358	0.099415205
3358.1	0.094152047
3358.2	0.096783626
3359	0.147474747
3360	0.186435786
3361	0.105916306
3362	0.080994152
3362.1	0.083625731
3363	0.099415205
3364	0.103318903
3365	0.120467836
3366	0.152046784
3367	0.163059163
3368	0.113708514
3369	0.088888889
3370	0.09033189
3371	0.10994152
3372	0.130994152
3373	0.10994152
3374	0.13625731
3375	0.07994228
3376	0.115204678
3376.1	0.117836257
3377	0.080994152
3378	0.133625731
3379	0.102046784
3380	0.13968254
3381	0.099415205
3382	0.115204678
3383	0.096783626
3384	0.115204678
3385	0.128362573
3386	0.146783626
3387	0.134487734
3388	0.096783626
3389	0.107309942
3390	0.141520468
3391	0.123099415
3392	0.103318903
3393	0.087734488
3394	0.107309942
3395	0.102046784
3396	0.123099415
3397	0.157309942
3398	0.088888889
3399	0.120467836
3400	0.10994152
3401	0.147474747
3402	0.091520468
3403	0.102046784
3404	0.099415205
3405	0.094152047
3405.1	0.094152047
3406	0.107309942
3407	0.112573099
3408	0.107309942
3409	0.120467836
3410	0.107309942
3411	0.207309942
3412	0.107309942
3413	0.128362573
3414	0.112573099
3415	0.094152047
3416	0.099415205
3417	0.117836257
3418	0.116305916
3419	0.102222222
3420	0.112573099
3421	0.112573099
3422	0.085137085
3423	0.112250712
3424	0.112573099
3425	0.115204678
3426	0.117836257
3427	0.125730994
3428	0.120467836
3429	0.092929293
3430	0.186435786
3431	0.117836257
3432	0.083625731
3433	0.086609687
3434	0.099415205
3435	0.105916306
3436	0.128362573
3437	0.113708514
3438	0.118903319
3439	0.123099415
3440	0.092929293
3441	0.099415205
3442	0.107309942
3443	0.104678363
3444	0.104678363
3445	0.127407407
3446	0.112573099
3447	0.104678363
3448	0.102046784
3449	0.20994152
3450	0.146783626
3451	0.107309942
3452	0.074747475
3453	0.08625731
3454	0.130994152
3455	0.104678363
3456	0.10994152
3457	0.10994152
3458	0.115204678
3459	0.128362573
3460	0.10994152
3461	0.11994302
3462	0.088888889
3463	0.088888889
3464	0.112573099
3465	0.083625731
3466	0.096783626
3467	0.096783626
3468	0.094152047
3469	0.088888889
3470	0.080994152
3471	0.098124098
3472	0.103318903
3473	0.08625731
3474	0.095526696
3475	0.080994152
3476	0.120467836
3477	0.10968661
3478	0.125730994
3479	0.099415205
3480	0.142279942
3481	0.091737892
3482	0.102046784
3482.1	0.107309942
3483	0.094152047
3484	0.096783626
3485	0.134487734
3486	0.082539683
3487	0.088888889
3488	0.098124098
3489	0.125730994
3490	0.100721501
3491	0.078362573
3492	0.117836257
3493	0.091520468
3493.1	0.099415205
3494	0.091520468
3495	0.096783626
3496	0.092929293
3497	0.09033189
3498	0.155266955
3499	0.128362573
3500	0.146783626
3501	0.091520468
3502	0.083625731
3503	0.128362573
3504	0.144152047
3505	0.107309942
3506	0.095526696
3507	0.112573099
3508	0.099415205
3509	0.102046784
3510	0.088888889
3511	0.083625731
3512	0.083625731
3513	0.115204678
3514	0.104678363
3515	0.13625731
3516	0.155840456
3517	0.104678363
3518	0.115204678
3519	0.08625731
3520	0.107309942
3521	0.102046784
3522	0.107122507
3523	0.096783626
3524	0.13968254
3525	0.100721501
3526	0.08625731
3527	0.120467836
3528	0.103318903
3529	0.117836257
3530	0.088888889
3531	0.09033189
3532	0.08625731
3533	0.112573099
3534	0.115204678
3535	0.11994302
3536	0.105916306
3537	0.116305916
3537.1	0.108513709
3538	0.102046784
3539	0.155266955
3540	0.116305916
3541	0.10994152
3542	0.10323488
3543	0.120467836
3544	0.104678363
3545	0.123099415
3546	0.104678363
3547	0.128362573
3548	0.13625731
3549	0.128362573
3550	0.137085137
3551	0.129292929
3552	0.137085137
3553	0.178362573
3554	0.08625731
3555	0.146783626
3556	0.123099415
3557	0.123099415
3558	0.13968254
3559	0.152046784
3560	0.080994152
3561	0.141520468
3562	0.104678363
3563	0.10994152
3564	0.104678363
3565	0.120467836
3566	0.102046784
3567	0.111111111
3568	0.073099415
3569	0.099415205
3570	0.08625731
3571	0.148148148
3572	0.094152047
3573	0.096783626
3574	0.125730994
3575	0.115204678
3576	0.091520468
3577	0.09033189
3578	0.165656566
3579	0.117836257
3580	0.115204678
3581	0.112573099
3582	0.133625731
3583	0.155266955
3584	0.100721501
3585	0.096783626
3586	0.091520468
3587	0.088888889
3588	0.078362573
3589	0.09033189
3590	0.104558405
3591	0.078917379
3592	0.176046176
3593	0.18625731
3594	0.128362573
3595	0.225396825
3596	0.141520468
3597	0.302046784
3598	0.189033189
3599	0.220467836
3600	0.115204678
3601	0.112250712
3602	0.134487734
3603	0.104678363
3604	0.074747475
3605	0.144152047
3606	0.183625731
3607	0.223099415
3608	0.129292929
3609	0.294301994
3610	0.282539683
3611	0.278362573
3613	0.157309942
3614	0.196783626
3615	0.152046784
3616	0.112573099
3617	0.108513709
3618	0.133625731
3619	0.09033189
3620	0.141520468
3621	0.126695527
3622	0.199415205
3623	0.154678363
3624	0.20981241
3626	0.133625731
3628	0.238383838
3629	0.233625731
3630	0.191630592
3631	0.138888889
3632	0.262573099
3633	0.105916306
3634	0.16046176
3635	0.122507123
3636	0.099415205
3637	0.102046784
3638	0.20981241
3639	0.147474747
3640	0.117836257
3641	0.20981241
3642	0.240981241
3643	0.173099415
3644	0.207309942
3645	0.091520468
3646	0.270467836
3647	0.088888889
3648	0.178362573
3649	0.137085137
3650	0.094152047
3652	0.121500722
3653	0.20981241
3654	0.248773449
3655	0.08625731
3656	0.107309942
3657	0.089173789
3658	0.131890332
3659	0.078362573
3660	0.173099415
3661	0.262573099
3663	0.188888889
3664	0.291737892
3665	0.082539683
3666	0.077344877
3667	0.072150072
3668	0.116305916
3669	0.078917379
3670	0.167836257
3671	0.104678363
3672	0.163059163
3673	0.225730994
3674	0.083625731
3675	0.170467836
3676	0.13625731
3677	0.083625731
3678	0.086609687
3679	0.170467836
3680	0.080994152
3681	0.080994152
3682	0.091520468
3683	0.089173789
3684	0.07994228
3685	0.176046176
3686	0.085137085
3687	0.105916306
3689	0.117378917
3690	0.08625731
3692	0.117836257
3693	0.075730994
3695	0.123099415
3696	0.117836257
3697	0.152046784
3698	0.091520468
3699	0.10994152
3700	0.074747475
3701	0.080994152
3702	0.149415205
3703	0.102046784
3704	0.13625731
3705	0.152046784
3706	0.115204678
3707	0.116305916
3708	0.088888889
3709	0.20994152
3710	0.18625731
3711	0.088888889
3712	0.092929293
3713	0.075730994
3714	0.073099415
3715	0.083625731
3716	0.096783626
3717	0.080994152
3718	0.145584046
3719	0.080994152
3720	0.125730994
3721	0.157864358
3722	0.207215007
3723	0.091520468
3724	0.102046784
3725	0.123099415
3726	0.082539683
3727	0.094152047
3728	0.121500722
3729	0.072150072
3730	0.165204678
3731	0.091520468
3732	0.104678363
3733	0.099415205
3734	0.123099415
3735	0.113708514
3736	0.085137085
3737	0.075730994
3738	0.080994152
3739	0.077344877
3740	0.080994152
3741	0.078362573
3742	0.115204678
3743	0.085137085
3744	0.07994228
3745	0.076353276
3746	0.101994302
3747	0.128362573
3748	0.105916306
3749	0.104678363
3750	0.121500722
3751	0.07994228
3752	0.117836257
3753	0.08625731
3754	0.089514867
3755	0.088888889
3756	0.10994152
3757	0.077344877
3758	0.138888889
3759	0.113708514
3760	0.088888889
3761	0.091520468
3762	0.107309942
3763	0.078917379
3764	0.08625731
3765	0.120467836
3766	0.074747475
3767	0.08625731
3768	0.080994152
3769	0.100721501
3770	0.10994152
3771	0.107309942
3772	0.09033189
3773	0.094152047
3774	0.096783626
3775	0.094152047
3776	0.152046784
3777	0.123099415
3778	0.082539683
3779	0.096783626
3780	0.073099415
3781	0.075730994
3782	0.102046784
3783	0.102046784
3784	0.074747475
3785	0.085137085
3786	0.094152047
3787	0.123099415
3788	0.125730994
3789	0.099415205
3790	0.125730994
3792	0.094301994
3793	0.125730994
3794	0.130994152
3795	0.089173789
3796	0.096783626
3797	0.095526696
3798	0.10994152
3799	0.103318903
3800	0.108513709
3801	0.130994152
3802	0.083625731
3803	0.085137085
3804	0.107309942
3805	0.078362573
3806	0.078917379
3807	0.095526696
3808	0.128362573
3809	0.115204678
3810	0.082539683
3812	0.13625731
3813	0.103318903
3814	0.105916306
3815	0.108513709
3816	0.096783626
3817	0.107309942
3818	0.087734488
3819	0.085137085
3820	0.091520468
3821	0.111111111
3822	0.105916306
3823	0.100721501
3824	0.142279942
3825	0.080994152
3826	0.104558405
3827	0.107309942
3828	0.128362573
3829	0.146783626
3830	0.099415205
3831	0.123099415
3832	0.102046784
3833	0.141520468
3834	0.080994152
3835	0.091520468
3836	0.099415205
3837	0.111111111
3838	0.142279942
3839	0.111111111
3840	0.149415205
3841	0.13019943
3842	0.115204678
3843	0.141520468
3844	0.115204678
3845	0.095526696
3846	0.146783626
3847	0.080994152
3848	0.121500722
3849	0.180994152
3850	0.125730994
3851	0.131890332
3853	0.126695527
3854	0.118903319
3855	0.10994152
3856	0.115204678
3858	0.134487734
3859	0.091520468
3860	0.152046784
3861	0.08625731
3862	0.125730994
3863	0.14045584
3864	0.13625731
3865	0.112573099
3866	0.165204678
3867	0.188888889
3868	0.146783626
3869	0.144877345
3870	0.107309942
3871	0.118903319
3872	0.094152047
3873	0.087734488
3874	0.13625731
3876	0.126695527
3877	0.080994152
3881	0.099415205
3883	0.095407407
3887	0.120467836
3888	0.130994152
3889	0.114074074
3890	0.196783626
3891	0.166096866
3892	0.246783626
3893	0.128362573
3894	0.173448773
3895	0.144877345
3896	0.165656566
3897	0.154678363
3898	0.157716049
3899	0.162573099
3900	0.15994152
3901	0.092929293
3902	0.085137085
3903	0.08625731
3904	0.08625731
3905	0.092929293
3906	0.121500722
3908	0.149415205
3909	0.083625731
3910	0.088888889
3911	0.075730994
3912	0.094152047
3913	0.094152047
3914	0.091520468
3915	0.075730994
3916	0.080994152
3917	0.117836257
3918	0.107309942
3919	0.116305916
3920	0.094152047
3921	0.130994152
3922	0.108513709
3923	0.108513709
3924	0.099415205
3925	0.083625731
3926	0.134487734
3927	0.074747475
3928	0.094152047
3929	0.103318903
3930	0.128362573
3931	0.130994152
3932	0.15007215
3933	0.083625731
3934	0.096783626
3935	0.166096866
3936	0.078362573
3937	0.116305916
3938	0.075730994
3939	0.078362573
3940	0.117836257
3941	0.094152047
3942	0.112573099
3943	0.08625731
3944	0.107309942
3945	0.078362573
3946	0.087734488
3947	0.074747475
3948	0.087734488
3949	0.087734488
3950	0.094152047
3951	0.130994152
3952	0.103318903
3953	0.138888889
3954	0.225730994
3955	0.083625731
3956	0.259163059
3958	0.078362573
3959	0.189033189
3960	0.08625731
3961	0.265204678
3963	0.085137085
3964	0.125730994
3965	0.088888889
3966	0.088888889
3967	0.082539683
3968	0.075730994
3970	0.078362573
3971	0.075730994
3972	0.099415205
3974	0.074747475
3975	0.078362573
3976	0.087734488
3977	0.08625731
3979	0.080994152
3980	0.073099415
3981	0.104678363
3982	0.08625731
3983	0.102046784
3984	0.103318903
3986	0.176046176
3987	0.088888889
3988	0.095526696
3989	0.230591631
3990	0.09033189
3992	0.248773449
3994	0.217604618
3995	0.088888889
3996	0.078362573
3997	0.083625731
3998	0.085137085
3999	0.111111111
4001	0.092929293
4002	0.094152047
4004	0.092929293
4005	0.094152047
4007	0.087734488
4009	0.098124098
4010	0.13625731
4012	0.104678363
4013	0.102046784
4014	0.094301994
4015	0.099415205
4016	0.087734488
4017	0.238383838
4018	0.173099415
4019	0.088888889
4020	0.158404558
4021	0.188888889
4022	0.116305916
4023	0.10994152
4024	0.107309942
4025	0.202020202
4027	0.225396825
4028	0.125071225
4029	0.207122507
4030	0.083625731
4031	0.115204678
4032	0.212250712
4033	0.20994152
4034	0.16046176
4035	0.091520468
4036	0.130994152
4037	0.155266955
4038	0.186435786
4039	0.131890332
4040	0.176046176
4041	0.08625731
4042	0.112573099
4043	0.173099415
4044	0.167836257
4045	0.173099415
4046	0.123099415
4047	0.144152047
4048	0.173448773
4049	0.14045584
4050	0.077344877
4051	0.104678363
4052	0.085137085
4053	0.072150072
4054	0.091520468
4055	0.087734488
4056	0.154678363
4057	0.100721501
4058	0.075730994
4059	0.117378917
4060	0.096783626
4061	0.144152047
4062	0.196783626
4063	0.112573099
4064	0.091520468
4065	0.20968661
4066	0.088888889
4067	0.117836257
4068	0.09033189
4069	0.120467836
4070	0.099415205
4071	0.118903319
4072	0.094152047
4073	0.099415205
4074	0.081481481
4075	0.087734488
4076	0.080994152
4077	0.099415205
4078	0.098124098
4079	0.107309942
4080	0.103318903
4081	0.101994302
4082	0.087734488
4083	0.129292929
4084	0.08625731
4085	0.141520468
4086	0.088888889
4087	0.088888889
4088	0.080994152
4090	0.10994152
4091	0.088888889
4092	0.080994152
4093	0.227635328
4095	0.141520468
4096	0.098124098
4097	0.112573099
4099	0.142279942
4100	0.10994152
4102	0.123099415
4103	0.178362573
4104	0.175730994
4105	0.098124098
4107	0.101994302
4108	0.133625731
4109	0.104678363
4110	0.080994152
4112	0.096783626
4114	0.152046784
4115	0.078362573
4117	0.117836257
4118	0.078362573
4119	0.083625731
4120	0.08625731
4121	0.09382716
4123	0.094152047
4124	0.078917379
4126	0.126695527
4127	0.120467836
4128	0.102046784
4129	0.163532764
4130	0.084045584
4131	0.087734488
4132	0.088888889
4133	0.125730994
4134	0.092929293
4135	0.10994152
4136	0.08625731
4137	0.094152047
4138	0.112573099
4139	0.173099415
4140	0.102046784
4141	0.091520468
4142	0.111111111
4143	0.191520468
4144	0.094152047
4145	0.094152047
4146	0.083625731
4147	0.107309942
4148	0.08625731
4149	0.078362573
4150	0.125730994
4151	0.07994228
4152	0.083625731
4153	0.099415205
4155	0.088888889
4157	0.096783626
4158	0.107309942
4159	0.155266955
4161	0.112573099
4162	0.103318903
4163	0.10994152
4165	0.115204678
4167	0.088888889
4168	0.103318903
4170	0.088888889
4171	0.078362573
4172	0.077344877
4173	0.094152047
4174	0.112250712
4175	0.087734488
4176	0.121500722
4178	0.078362573
4179	0.078362573
4181	0.083625731
4182	0.080994152
4183	0.099415205
4184	0.08625731
4186	0.078362573
4188	0.15994152
4190	0.104678363
4191	0.098124098
4193	0.133625731
4194	0.099415205
4195	0.10994152
4196	0.08625731
4197	0.078362573
4198	0.091737892
4199	0.163059163
4200	0.183838384
4201	0.173448773
4202	0.194152047
4203	0.082539683
4204	0.107309942
4205	0.100721501
4206	0.128362573
4208	0.091520468
4210	0.115204678
4212	0.144877345
4213	0.222799423
4215	0.104558405
4216	0.080994152
4217	0.128362573
4218	0.112573099
4219	0.075730994
4221	0.074747475
4222	0.078362573
4223	0.082539683
4224	0.100721501
4225	0.077344877
4226	0.094152047
4228	0.080994152
4229	0.123099415
4230	0.094152047
4231	0.085137085
4232	0.107309942
4233	0.077344877
4234	0.078362573
4235	0.108513709
4237	0.088888889
4238	0.072150072
4239	0.102046784
4240	0.20994152
4241	0.085137085
4242	0.103318903
4243	0.125730994
4244	0.107309942
4246	0.220467836
4247	0.112573099
4248	0.094152047
4249	0.102046784
4250	0.107309942
4251	0.083625731
4252	0.105916306
4253	0.087734488
4255	0.07994228
4256	0.107309942
4257	0.107309942
4258	0.10994152
4259	0.094152047
4260	0.13625731
4261	0.144152047
4262	0.104678363
4263	0.078362573
4265	0.141520468
4267	0.099415205
4268	0.121500722
4269	0.094152047
4270	0.115204678
4271	0.112573099
4272	0.105916306
4273	0.121500722
4274	0.152046784
4275	0.078362573
4276	0.10994152
4277	0.125730994
4278	0.096783626
4279	0.09033189
4280	0.107309942
4281	0.103318903
4282	0.08625731
4283	0.073099415
4284	0.09033189
4285	0.128362573
4286	0.08625731
4287	0.099415205
4288	0.118903319
4289	0.080994152
4290	0.104678363
4291	0.094152047
4292	0.117378917
4293	0.080994152
4294	0.096783626
4295	0.08625731
4296	0.103318903
4297	0.096783626
4298	0.142279942
4299	0.078362573
4300	0.102046784
4301	0.103318903
4302	0.092929293
4303	0.074747475
4304	0.083625731
4305	0.075730994
4306	0.084045584
4307	0.09033189
4308	0.123099415
4309	0.078362573
4310	0.146783626
4311	0.088888889
4312	0.091520468
4313	0.175730994
4314	0.102046784
4315	0.096783626
4316	0.133625731
4317	0.115204678
4318	0.082539683
4319	0.115204678
4320	0.091520468
4321	0.125730994
4322	0.091520468
4323	0.088888889
4324	0.144877345
4325	0.099415205
4326	0.115204678
4327	0.130994152
4328	0.181240981
4329	0.128362573
4330	0.080994152
4332	0.082539683
4333	0.126695527
4334	0.15994152
4335	0.191630592
4336	0.18625731
4337	0.096783626
4338	0.128362573
4339	0.091520468
4340	0.099415205
4341	0.108513709
4342	0.094152047
4343	0.078362573
4344	0.083625731
4345	0.121500722
4346	0.102046784
4347	0.092929293
4348	0.104678363
4349	0.13625731
4350	0.102046784
4351	0.085137085
4352	0.107309942
4353	0.078362573
4354	0.104678363
4355	0.180994152
4356	0.099415205
4357	0.112573099
4358	0.144152047
4359	0.154678363
4361	0.126695527
4362	0.121500722
4363	0.149415205
4364	0.105916306
4365	0.115204678
4366	0.08625731
4367	0.08625731
4368	0.212573099
4369	0.078362573
4370	0.123099415
4371	0.100721501
4373	0.173099415
4374	0.144877345
4375	0.152669553
4376	0.117836257
4377	0.099415205
4378	0.091520468
4379	0.18625731
4380	0.128362573
4381	0.133625731
4382	0.096783626
4383	0.180994152
4384	0.165204678
4385	0.165204678
4386	0.095526696
4387	0.115204678
4388	0.075730994
4389	0.188888889
4390	0.091520468
4391	0.099415205
4392	0.115204678
4393	0.131890332
4394	0.180994152
4395	0.104678363
4396	0.167836257
4397	0.107309942
4399	0.147474747
4400	0.085137085
4401	0.128362573
4402	0.115204678
4403	0.162573099
4404	0.091520468
4405	0.095526696
4406	0.085137085
4407	0.094152047
4409	0.121500722
4410	0.137085137
4411	0.170467836
4412	0.18625731
4413	0.102046784
4414	0.152046784
4415	0.130994152
4416	0.091520468
4417	0.10994152
4418	0.09033189
4419	0.09033189
4420	0.096783626
4421	0.115204678
4422	0.080994152
4423	0.115204678
4424	0.08625731
4425	0.080994152
4426	0.107309942
4427	0.087734488
4428	0.078362573
4429	0.120467836
4430	0.124098124
4431	0.102046784
4432	0.092929293
4433	0.128362573
4434	0.108513709
4435	0.099415205
4436	0.102046784
4437	0.078362573
4438	0.072150072
4439	0.099415205
4440	0.102046784
4441	0.094152047
4442	0.099415205
4443	0.08625731
4444	0.080994152
4445	0.080994152
4446	0.123099415
4447	0.120467836
4448	0.094152047
4449	0.084045584
4450	0.102046784
4451	0.082539683
4452	0.15994152
4453	0.09033189
4454	0.105916306
4455	0.10994152
4456	0.117836257
4457	0.162573099
4458	0.091520468
4459	0.178643579
4460	0.175730994
4461	0.147474747
4462	0.18625731
4463	0.08625731
4464	0.073099415
4466	0.108513709
4467	0.102046784
4468	0.102046784
4469	0.129292929
4470	0.074747475
4471	0.10994152
4472	0.194227994
4473	0.107309942
4474	0.105916306
4475	0.107309942
4476	0.091520468
4477	0.104678363
4478	0.098124098
4479	0.077344877
4480	0.112573099
4481	0.08625731
4482	0.125730994
4483	0.100721501
4484	0.076353276
4485	0.088888889
4486	0.095526696
4487	0.141520468
4488	0.098124098
4489	0.096783626
4490	0.096783626
4491	0.194227994
4492	0.083625731
4493	0.117836257
4494	0.089173789
4495	0.102046784
4496	0.132763533
4497	0.09033189
4498	0.13625731
4499	0.111111111
4500	0.072150072
4501	0.117836257
4502	0.095526696
4503	0.155266955
4504	0.083625731
4505	0.15007215
4506	0.144877345
4507	0.15007215
4508	0.098124098
4509	0.10994152
4510	0.141520468
4511	0.091520468
4512	0.088888889
4513	0.112573099
4514	0.157864358
4515	0.08625731
4516	0.080994152
