uta	att
4	0.099415205
6	0.113708514
7	0.09033189
8	0.144152047
9	0.141750842
10	0.138888889
11	0.178362573
12	0.120467836
14	0.120467836
15	0.09033189
18	0.096783626
19	0.144152047
20	0.099415205
21	0.100721501
22	0.088888889
23	0.087407407
24	0.099415205
27	0.09033189
28	0.102046784
30	0.092929293
31	0.07994228
32	0.092929293
33	0.099415205
34	0.088888889
35	0.082539683
37	0.087734488
39	0.102046784
40	0.087734488
41	0.094152047
42	0.080994152
43	0.115204678
44	0.078362573
46	0.09033189
47	0.100721501
48	0.094152047
49	0.099415205
51	0.103407407
53	0.080994152
54	0.096783626
55	0.10994152
56	0.104678363
57	0.088888889
58	0.120467836
59	0.102046784
60	0.095526696
61	0.125730994
62	0.115204678
63	0.10994152
64	0.082539683
65	0.07994228
66	0.099415205
67	0.082539683
68	0.108513709
69	0.096783626
70	0.141520468
71	0.128362573
72	0.073099415
73	0.102046784
74	0.091520468
75	0.105916306
76	0.111111111
77	0.116305916
78	0.096866097
80	0.077344877
81	0.073099415
82	0.104678363
83	0.082539683
84	0.131890332
85	0.117836257
86	0.077344877
87	0.085137085
88	0.088888889
89	0.08625731
90	0.115204678
91	0.073789174
92	0.083625731
93	0.117378917
94	0.10994152
95	0.108740741
96	0.09033189
97	0.126695527
98	0.08625731
99	0.091520468
100	0.103318903
101	0.111111111
102	0.14045584
103	0.125730994
104	0.130994152
105	0.128362573
106	0.098124098
107	0.094152047
108	0.088888889
109	0.112573099
110	0.099415205
111	0.107309942
112	0.157309942
113	0.08625731
114	0.118903319
115	0.100721501
116	0.104678363
117	0.099415205
118	0.104678363
119	0.08625731
120	0.122507123
121	0.120467836
122	0.094152047
123	0.10994152
124	0.113708514
125	0.137085137
126	0.10994152
127	0.098124098
128	0.131890332
129	0.095407407
130	0.104678363
132	0.08625731
133	0.095526696
134	0.094152047
136	0.083625731
137	0.103318903
139	0.09033189
140	0.09033189
141	0.096783626
142	0.087734488
143	0.083625731
144	0.100721501
145	0.079938272
146	0.091520468
147	0.105916306
148	0.082539683
149	0.091520468
151	0.075730994
152	0.08625731
154	0.087734488
156	0.102356902
157	0.082539683
158	0.112573099
160	0.092331768
161	0.099415205
163	0.108513709
164	0.115204678
165	0.076353276
166	0.132763533
168	0.128362573
169	0.088888889
170	0.115204678
171	0.096783626
172	0.120467836
173	0.105916306
174	0.08625731
175	0.087734488
176	0.083625731
177	0.149415205
178	0.10994152
179	0.157309942
180	0.123099415
181	0.095526696
182	0.112573099
183	0.115204678
184	0.107309942
185	0.096783626
186	0.08625731
187	0.112573099
188	0.080994152
189	0.105916306
190	0.080994152
191	0.08625731
192	0.123099415
193	0.09033189
195	0.09033189
197	0.087734488
198	0.083625731
200	0.08625731
201	0.10994152
202	0.094152047
203	0.095526696
205	0.080994152
206	0.096783626
208	0.08625731
209	0.111111111
211	0.099415205
212	0.103318903
214	0.099415205
215	0.111111111
216	0.102046784
218	0.091520468
219	0.100740741
221	0.07994228
222	0.078362573
223	0.087734488
224	0.082539683
225	0.098124098
226	0.081481481
227	0.10968661
228	0.10994152
229	0.098124098
231	0.120467836
232	0.089173789
233	0.107309942
234	0.095526696
235	0.085137085
235.1	0.087734488
236	0.081481481
237	0.078917379
238	0.10994152
240	0.096783626
241	0.088888889
242	0.10968661
243	0.082539683
244	0.111111111
245	0.107309942
246	0.105916306
247	0.107309942
248	0.094152047
249	0.105555556
250	0.096783626
251	0.087407407
252	0.080994152
253	0.078362573
254	0.082539683
255	0.104678363
256	0.078917379
256.1	0.084045584
258	0.095526696
259	0.085137085
262	0.099415205
263	0.148148148
264	0.080994152
265	0.100721501
266	0.101994302
267	0.091520468
268	0.183625731
269	0.087734488
270	0.080994152
271	0.154678363
272	0.099415205
273	0.116305916
274	0.10994152
275	0.102046784
276	0.103318903
276.1	0.095526696
277	0.096783626
278	0.105916306
279	0.091520468
280	0.115204678
281	0.112573099
282	0.091520468
283	0.083625731
284	0.125730994
285	0.11994302
286	0.112573099
287	0.083625731
288	0.100721501
289	0.094152047
290	0.08625731
291	0.107309942
292	0.080994152
293	0.088588589
294	0.095526696
295	0.073099415
296	0.105916306
297	0.074747475
298	0.104678363
299	0.094152047
300	0.088888889
301	0.113708514
302	0.076353276
303	0.083625731
304	0.077344877
305	0.087734488
306	0.105916306
307	0.113708514
308	0.152046784
309	0.13625731
310	0.104678363
311	0.117836257
312	0.121500722
313	0.07994228
314	0.094152047
316	0.130994152
318	0.086609687
320	0.094152047
321	0.088888889
323	0.10994152
325	0.116305916
326	0.083625731
327	0.116305916
328	0.191520468
329	0.098124098
330	0.141520468
331	0.167836257
332	0.091737892
333	0.091520468
334	0.099415205
335	0.107309942
336	0.116740741
337	0.107309942
338	0.118903319
339	0.129292929
340	0.137085137
341	0.134487734
342	0.108513709
343	0.162573099
344	0.102046784
345	0.129292929
346	0.094152047
347	0.144877345
348	0.141520468
349	0.099430199
350	0.149415205
351	0.149415205
352	0.119407407
353	0.078362573
354	0.09033189
355	0.146783626
356	0.092929293
357	0.095526696
358	0.087734488
359	0.111111111
360	0.108513709
361	0.094152047
362	0.123099415
363	0.120467836
364	0.092929293
365	0.099415205
367	0.082539683
368	0.073099415
369	0.09033189
370	0.08625731
371	0.129292929
373	0.133625731
374	0.104678363
375	0.10994152
376	0.082539683
377	0.108513709
378	0.105916306
380	0.103318903
381	0.124098124
383	0.091520468
384	0.108298172
385	0.125730994
386	0.100721501
387	0.103318903
389	0.112573099
390	0.118903319
391	0.083625731
392	0.091520468
393	0.088888889
394	0.08625731
395	0.134487734
396	0.077344877
397	0.083625731
398	0.160968661
399	0.176046176
400	0.160968661
401	0.115204678
402	0.095526696
403	0.09033189
404	0.094152047
405	0.081481481
406	0.088888889
407	0.15007215
408	0.183625731
409	0.073099415
410	0.181481481
411	0.170467836
412	0.088888889
413	0.13019943
414	0.096783626
415	0.076353276
416	0.10994152
417	0.107309942
418	0.104678363
419	0.088888889
421	0.091520468
422	0.131890332
424	0.07994228
425	0.077344877
426	0.088888889
427	0.085137085
428	0.077344877
429	0.099415205
430	0.094152047
432	0.094152047
433	0.108513709
434	0.100721501
435	0.115204678
436	0.085137085
437	0.07994228
438	0.087734488
439	0.144152047
440	0.094152047
441	0.086609687
442	0.13625731
444	0.077344877
445	0.083625731
446	0.092929293
447	0.087734488
448	0.105916306
449	0.123099415
450	0.120467836
451	0.123099415
452	0.10994152
453	0.141520468
454	0.091520468
455	0.102046784
456	0.107309942
457	0.099415205
458	0.111111111
459	0.114814815
461	0.087734488
462	0.128362573
463	0.082539683
464	0.15007215
465	0.094152047
467	0.111111111
468	0.100721501
469	0.20994152
470	0.077344877
471	0.10994152
472	0.112573099
473	0.123099415
474	0.081481481
476	0.095526696
477	0.15007215
479	0.07994228
480	0.10968661
482	0.089173789
483	0.123099415
484	0.094152047
486	0.113708514
487	0.092929293
488	0.102046784
489	0.115204678
490	0.082539683
491	0.194227994
492	0.121500722
493	0.074747475
494	0.085137085
495	0.118903319
496	0.092929293
497	0.080994152
498	0.125730994
499	0.089173789
500	0.099415205
501	0.107309942
502	0.082539683
503	0.084045584
504	0.092929293
505	0.124098124
506	0.134487734
507	0.088888889
508	0.092929293
510	0.102046784
511	0.112573099
512	0.095526696
513	0.09033189
514	0.126695527
515	0.115204678
516	0.118903319
517	0.084045584
518	0.104678363
519	0.087734488
520	0.094152047
521	0.117836257
522	0.078917379
523	0.085137085
524	0.094152047
525	0.085137085
526	0.138888889
527	0.090576653
528	0.111111111
530	0.094152047
531	0.076353276
532	0.10994152
533	0.115204678
535	0.105916306
536	0.092929293
537	0.123099415
538	0.108513709
539	0.104558405
540	0.121500722
541	0.111111111
542	0.104678363
544	0.077344877
545	0.125730994
547	0.080994152
548	0.084740741
549	0.09033189
550	0.081481481
551	0.094152047
552	0.080994152
553	0.091520468
554	0.112573099
555	0.112573099
556	0.138888889
557	0.080994152
558	0.116305916
559	0.100721501
560	0.117836257
561	0.107309942
562	0.117836257
563	0.137085137
564	0.078362573
565	0.092929293
566	0.112573099
567	0.130074074
568	0.115204678
569	0.095526696
570	0.123099415
571	0.103318903
572	0.080994152
573	0.105916306
574	0.087734488
575	0.115204678
576	0.117836257
577	0.107309942
578	0.08625731
579	0.107309942
580	0.080994152
581	0.085137085
582	0.100721501
583	0.091520468
584	0.105916306
585	0.126019691
586	0.105916306
587	0.091520468
588	0.083625731
589	0.094152047
590	0.170467836
591	0.080994152
592	0.131890332
593	0.115204678
594	0.107309942
595	0.092929293
596	0.088888889
597	0.080994152
598	0.107309942
599	0.088888889
600	0.07994228
601	0.087734488
602	0.091520468
603	0.107309942
604	0.105916306
605	0.107309942
606	0.103318903
607	0.098124098
608	0.082539683
609	0.111111111
610	0.105916306
611	0.094301994
612	0.134487734
613	0.083625731
614	0.085137085
615	0.105916306
616	0.133625731
617	0.08625731
618	0.146783626
620	0.07994228
621	0.095526696
622	0.123099415
623	0.118903319
624	0.089173789
625	0.10994152
626	0.107309942
627	0.096866097
628	0.085137085
629	0.102046784
630	0.128362573
631	0.112573099
632	0.112250712
633	0.08625731
634	0.083625731
635	0.07994228
636	0.099415205
637	0.144152047
638	0.080994152
639	0.120467836
640	0.112573099
641	0.14045584
642	0.096783626
643	0.126695527
644	0.118903319
645	0.099415205
646	0.096783626
647	0.092929293
648	0.138888889
649	0.087734488
650	0.133625731
651	0.096783626
652	0.087734488
653	0.088888889
654	0.098124098
655	0.085079365
656	0.116305916
657	0.077344877
658	0.104678363
659	0.115893108
660	0.14045584
661	0.124098124
662	0.104678363
663	0.125730994
664	0.080994152
665	0.098124098
666	0.092929293
667	0.086609687
668	0.111111111
669	0.135327635
670	0.125730994
671	0.129292929
672	0.112573099
673	0.07994228
674	0.075386779
675	0.116305916
676	0.08625731
677	0.088888889
678	0.082539683
679	0.094301994
680	0.091520468
681	0.107309942
682	0.085137085
683	0.096783626
684	0.126019691
685	0.083625731
686	0.102046784
687	0.107309942
688	0.091520468
689	0.104678363
690	0.141520468
691	0.077344877
692	0.098124098
693	0.107309942
694	0.096783626
695	0.098124098
696	0.115204678
697	0.104678363
698	0.083625731
699	0.092929293
700	0.083625731
701	0.082539683
702	0.09033189
703	0.130994152
704	0.107309942
705	0.102046784
706	0.123099415
707	0.107309942
708	0.074747475
709	0.146783626
710	0.091520468
711	0.148804501
712	0.111111111
713	0.141520468
714	0.077344877
715	0.115204678
716	0.091520468
717	0.09033189
718	0.088888889
719	0.099415205
720	0.09033189
721	0.096783626
722	0.082539683
724	0.088888889
725	0.107122507
726	0.085513361
727	0.09033189
728	0.105916306
729	0.088888889
730	0.094152047
731	0.202046784
732	0.123099415
733	0.096783626
734	0.075730994
735	0.094152047
736	0.121500722
737	0.087734488
738	0.108513709
739	0.087734488
740	0.075730994
741	0.095526696
742	0.141520468
743	0.102046784
744	0.09033189
745	0.104678363
746	0.103318903
747	0.074747475
748	0.124098124
749	0.095526696
750	0.128362573
751	0.083625731
752	0.092929293
753	0.104678363
754	0.09033189
755	0.107309942
756	0.080994152
757	0.114814815
758	0.078362573
759	0.147474747
760	0.146783626
761	0.098124098
762	0.098124098
763	0.088888889
764	0.096783626
765	0.123099415
766	0.083625731
767	0.091520468
768	0.134487734
769	0.103318903
770	0.132763533
771	0.094152047
772	0.094301994
773	0.102046784
774	0.096783626
775	0.149415205
776	0.113708514
777	0.115204678
778	0.080994152
779	0.107309942
780	0.098124098
781	0.102046784
782	0.08625731
783	0.092929293
784	0.087734488
785	0.110829817
786	0.212573099
787	0.088888889
788	0.125071225
789	0.099415205
790	0.091737892
791	0.084045584
792	0.186435786
793	0.157309942
795	0.096866097
796	0.104678363
797	0.088888889
798	0.20994152
799	0.115204678
801	0.125730994
803	0.112573099
805	0.10994152
806	0.088888889
807	0.094152047
808	0.075730994
809	0.095526696
810	0.126695527
811	0.098124098
812	0.124098124
814	0.107309942
815	0.141520468
816	0.175730994
817	0.199415205
818	0.154678363
819	0.142279942
820	0.246783626
821	0.180994152
822	0.157309942
823	0.115204678
824	0.20994152
825	0.180994152
826	0.18625731
827	0.167836257
828	0.20994152
829	0.207215007
830	0.162573099
831	0.173099415
832	0.142279942
833	0.157309942
834	0.20994152
835	0.152046784
836	0.157864358
837	0.20994152
838	0.18625731
839	0.167836257
840	0.188888889
841	0.20994152
842	0.202046784
843	0.157309942
844	0.152046784
845	0.154678363
846	0.154678363
847	0.133625731
848	0.088888889
849	0.152046784
850	0.181240981
851	0.220467836
852	0.152669553
853	0.092929293
854	0.094301994
855	0.083625731
856	0.094152047
857	0.073099415
858	0.091520468
859	0.112573099
860	0.102046784
861	0.083625731
862	0.094152047
863	0.077344877
864	0.128362573
865	0.08625731
866	0.094152047
867	0.128362573
868	0.104678363
869	0.107309942
870	0.128362573
871	0.104678363
872	0.094152047
873	0.088888889
874	0.115204678
875	0.087734488
876	0.094152047
877	0.107309942
878	0.100721501
879	0.10994152
880	0.115204678
881	0.094152047
882	0.10994152
883	0.118903319
884	0.112573099
885	0.099415205
887	0.078362573
888	0.117836257
889	0.084045584
890	0.095526696
891	0.099415205
893	0.131890332
895	0.102046784
896	0.138888889
898	0.133625731
899	0.111111111
900	0.083625731
901	0.088888889
902	0.115204678
903	0.07994228
905	0.094152047
906	0.099415205
908	0.083625731
909	0.113708514
910	0.07994228
911	0.088888889
912	0.10994152
914	0.095526696
915	0.141520468
916	0.115204678
918	0.078362573
919	0.108513709
921	0.080994152
922	0.098124098
924	0.099415205
925	0.121500722
927	0.098124098
929	0.123099415
930	0.118903319
932	0.104678363
934	0.101994302
936	0.083625731
937	0.094152047
939	0.091520468
940	0.09033189
941	0.088888889
943	0.082539683
944	0.083625731
945	0.096783626
947	0.089173789
949	0.147474747
950	0.089173789
951	0.08625731
952	0.120467836
953	0.128362573
954	0.085137085
955	0.094152047
956	0.082539683
957	0.08625731
958	0.144152047
959	0.10994152
960	0.094152047
961	0.146783626
962	0.103318903
964	0.111111111
965	0.07994228
966	0.08625731
967	0.072150072
968	0.088888889
969	0.099415205
970	0.138271605
972	0.10968661
974	0.087734488
975	0.105916306
976	0.10994152
977	0.091520468
978	0.111111111
979	0.163532764
980	0.078362573
981	0.091520468
982	0.104678363
983	0.115204678
984	0.08625731
985	0.107309942
986	0.091520468
987	0.07994228
988	0.129292929
989	0.138888889
990	0.130994152
991	0.083625731
992	0.094152047
993	0.103318903
994	0.091520468
995	0.115204678
996	0.092929293
997	0.091520468
998	0.083625731
999	0.081481481
1000	0.137085137
1001	0.088888889
1002	0.095526696
1003	0.099415205
1004	0.078362573
1006	0.10994152
1007	0.091737892
1008	0.083625731
1009	0.191520468
1010	0.087734488
1011	0.147474747
1012	0.194152047
1013	0.112573099
1014	0.083625731
1015	0.09033189
1016	0.10994152
1017	0.088888889
1023	0.118903319
1024	0.096783626
1025	0.125730994
1026	0.08045007
1027	0.144152047
1028	0.094152047
1029	0.080994152
1030	0.094152047
1031	0.103318903
1032	0.088888889
1033	0.09033189
1034	0.078917379
1035	0.087734488
1036	0.123099415
1037	0.125730994
1038	0.121500722
1039	0.120467836
1040	0.120467836
1041	0.115204678
1042	0.091520468
1043	0.09033189
1044	0.08625731
1045	0.146783626
1046	0.091520468
1048	0.118903319
1049	0.099415205
1051	0.094152047
1052	0.088888889
1054	0.078362573
1055	0.094152047
1056	0.137085137
1057	0.183625731
1058	0.130994152
1060	0.099415205
1061	0.130994152
1063	0.099415205
1064	0.096783626
1066	0.102046784
1067	0.115204678
1068	0.116305916
1069	0.083625731
1070	0.098124098
1071	0.08625731
1072	0.095526696
1073	0.117836257
1074	0.098124098
1075	0.117836257
1076	0.094152047
1077	0.082539683
1078	0.098124098
1079	0.080994152
1080	0.094152047
1081	0.092929293
1082	0.115204678
1083	0.095526696
1084	0.091520468
1085	0.098124098
1086	0.10994152
1087	0.116305916
1088	0.096783626
1089	0.098124098
1090	0.104678363
1091	0.107309942
1092	0.096783626
1093	0.084740741
1094	0.103407407
1095	0.075730994
1096	0.120467836
1097	0.132763533
1098	0.077918425
1099	0.107309942
1100	0.091520468
1101	0.085137085
1102	0.088888889
1103	0.103318903
1104	0.09033189
1105	0.105916306
1106	0.094152047
1107	0.112573099
1108	0.102046784
1109	0.104678363
1110	0.083625731
1111	0.074747475
1112	0.104678363
1113	0.091737892
1114	0.094152047
1115	0.091520468
1116	0.094152047
1117	0.094152047
1118	0.099415205
1119	0.08625731
1120	0.10994152
1121	0.094152047
1122	0.078362573
1123	0.104678363
1124	0.162573099
1125	0.107309942
1126	0.146783626
1127	0.073789174
1128	0.095526696
1129	0.099415205
1130	0.094152047
1131	0.091520468
1132	0.086609687
1133	0.104678363
1134	0.115204678
1135	0.107309942
1136	0.083625731
1137	0.104678363
1138	0.07994228
1139	0.10994152
1140	0.133625731
1141	0.102046784
1142	0.088888889
1143	0.082539683
1144	0.075730994
1145	0.09033189
1146	0.10994152
1147	0.084045584
1148	0.094152047
1149	0.076353276
1150	0.08625731
1151	0.10994152
1152	0.129292929
1153	0.08625731
1154	0.091520468
1155	0.084045584
1156	0.107309942
1157	0.103318903
1158	0.078362573
1159	0.088888889
1160	0.096783626
1161	0.123099415
1162	0.091520468
1163	0.095526696
1164	0.118903319
1165	0.096783626
1166	0.099415205
1167	0.102046784
1168	0.081481481
1169	0.087734488
1170	0.104678363
1171	0.095526696
1172	0.10994152
1173	0.09033189
1174	0.094152047
1175	0.082539683
1176	0.098124098
1177	0.085137085
1178	0.096783626
1179	0.080994152
1180	0.099415205
1181	0.104678363
1182	0.088888889
1183	0.102046784
1184	0.128362573
1185	0.091520468
1186	0.104678363
1187	0.082539683
1188	0.103318903
1189	0.10994152
1190	0.096783626
1191	0.095639944
1192	0.083625731
1193	0.083625731
1194	0.08625731
1195	0.104678363
1196	0.112573099
1197	0.081481481
1198	0.102046784
1199	0.083625731
1200	0.111111111
1201	0.09033189
1202	0.095526696
1203	0.113708514
1204	0.118903319
1205	0.112573099
1206	0.099415205
1207	0.112573099
1208	0.091520468
1209	0.08625731
1210	0.083625731
1211	0.111111111
1212	0.113708514
1213	0.095526696
1214	0.091520468
1215	0.100721501
1216	0.099415205
1217	0.096783626
1218	0.076353276
1219	0.091737892
1220	0.099415205
1221	0.16046176
1222	0.087734488
1223	0.08625731
1224	0.083625731
1225	0.091520468
1226	0.125730994
1227	0.10994152
1228	0.099415205
1229	0.111111111
1230	0.099415205
1231	0.112573099
1232	0.095526696
1233	0.092929293
1234	0.102046784
1235	0.123099415
1236	0.095526696
1237	0.104678363
1238	0.092929293
1239	0.082539683
1240	0.07994228
1241	0.078362573
1242	0.130994152
1243	0.115204678
1244	0.118903319
1245	0.081481481
1246	0.122507123
1247	0.107309942
1248	0.10994152
1249	0.096783626
1250	0.094152047
1251	0.146783626
1252	0.08625731
1253	0.115204678
1254	0.100721501
1255	0.087734488
1256	0.074747475
1257	0.126695527
1258	0.101994302
1259	0.178362573
1260	0.126695527
1261	0.133625731
1262	0.083625731
1263	0.178362573
1264	0.091737892
1265	0.115204678
1266	0.102046784
1268	0.074747475
1269	0.102046784
1270	0.117836257
1271	0.087734488
1296	0.144152047
1297	0.08625731
1298	0.115204678
1299	0.102046784
1300	0.10994152
1301	0.107309942
1302	0.085137085
1303	0.100721501
1304	0.08625731
1305	0.094301994
1306	0.117836257
1307	0.084045584
1308	0.09033189
1309	0.078917379
1310	0.078362573
1311	0.098124098
1312	0.088888889
1313	0.102046784
1314	0.103318903
1315	0.170467836
1316	0.100721501
1317	0.094152047
1318	0.07994228
1319	0.104678363
1320	0.113708514
1321	0.099415205
1322	0.085137085
1323	0.094152047
1324	0.086609687
1325	0.083625731
1326	0.112573099
1327	0.115204678
1328	0.117836257
1329	0.083625731
1330	0.080994152
1331	0.091520468
1332	0.094152047
1333	0.088888889
1334	0.094152047
1335	0.108513709
1336	0.120467836
1337	0.112573099
1338	0.123099415
1339	0.075730994
1340	0.16046176
1341	0.094152047
1342	0.107309942
1343	0.10994152
1344	0.115204678
1345	0.085137085
1346	0.096783626
1347	0.102046784
1348	0.111111111
1349	0.103318903
1350	0.092929293
1351	0.094152047
1352	0.080994152
1353	0.088888889
1354	0.08625731
1355	0.102046784
1356	0.091520468
1357	0.105916306
1358	0.115204678
1359	0.10994152
1360	0.115204678
1361	0.094152047
1362	0.147474747
1363	0.162573099
1364	0.111111111
1365	0.133625731
1366	0.10994152
1367	0.112573099
1368	0.103318903
1369	0.094152047
1370	0.138888889
1371	0.133625731
1372	0.112573099
1373	0.09033189
1374	0.091520468
1375	0.116305916
1376	0.090074074
1377	0.081481481
1378	0.091520468
1379	0.095526696
1380	0.098124098
1381	0.102046784
1382	0.077344877
1383	0.087734488
1384	0.07994228
1385	0.127635328
1386	0.080994152
1387	0.08625731
1388	0.083625731
1389	0.087734488
1390	0.105916306
1391	0.078362573
1392	0.167836257
1393	0.15007215
1394	0.116305916
1395	0.112573099
1396	0.144152047
1397	0.082539683
1398	0.102046784
1399	0.088888889
1400	0.130994152
1401	0.103318903
1402	0.15994152
1404	0.183625731
1405	0.095526696
1406	0.095526696
1407	0.087734488
1408	0.07994228
1409	0.091520468
1410	0.146783626
1411	0.131890332
1412	0.133625731
1413	0.088888889
1414	0.104678363
1415	0.096783626
1416	0.112573099
1417	0.118903319
1418	0.118903319
1419	0.165204678
1420	0.144152047
1421	0.117836257
1422	0.104678363
1423	0.188888889
1424	0.104678363
1425	0.128362573
1426	0.13968254
1427	0.078362573
1430	0.138888889
1431	0.146783626
1432	0.144152047
1433	0.138888889
1434	0.157309942
1435	0.154678363
1436	0.111111111
1437	0.133625731
1438	0.168253968
1439	0.15007215
1440	0.121500722
1441	0.130994152
1442	0.141520468
1443	0.144877345
1444	0.157864358
1445	0.157309942
1446	0.091520468
1447	0.173099415
1448	0.20994152
1449	0.15994152
1450	0.095526696
1451	0.121500722
1452	0.15994152
1454	0.077344877
1455	0.08625731
1456	0.154678363
1457	0.128362573
1458	0.154678363
1459	0.165656566
1460	0.125730994
1461	0.125730994
1462	0.133625731
1463	0.125730994
1464	0.078362573
1465	0.204678363
1466	0.180994152
1467	0.196783626
1468	0.180994152
1469	0.137085137
1470	0.15994152
1471	0.183625731
1472	0.233625731
1473	0.235786436
1474	0.180994152
1475	0.199415205
1476	0.168253968
1477	0.246783626
1478	0.254678363
1479	0.170467836
1480	0.217604618
1481	0.274747475
1482	0.180994152
1483	0.291520468
1484	0.199415205
1485	0.120467836
1486	0.288888889
1487	0.178362573
1488	0.165204678
1489	0.225730994
1490	0.217836257
1491	0.230994152
1492	0.194301994
1493	0.312573099
1494	0.20994152
1495	0.144152047
1496	0.212573099
1497	0.175730994
1498	0.133625731
1499	0.15994152
1500	0.099415205
1501	0.176046176
1502	0.178074074
1503	0.113708514
1504	0.180994152
1505	0.176046176
1506	0.15994152
1508	0.165656566
1509	0.238888889
1510	0.158404558
1511	0.133625731
1512	0.125730994
1513	0.122507123
1514	0.152669553
1515	0.115204678
1516	0.10994152
1517	0.130074074
1518	0.133625731
1519	0.099415205
1521	0.091520468
1522	0.094152047
1523	0.080994152
1524	0.096783626
1525	0.094301994
1526	0.088888889
1527	0.102046784
1528	0.088888889
1529	0.116305916
1530	0.08625731
1531	0.080994152
1532	0.099415205
1533	0.116305916
1534	0.107309942
1535	0.123099415
1536	0.105916306
1537	0.173099415
1539	0.130994152
1540	0.100721501
1541	0.170467836
1542	0.170851371
1543	0.091737892
1544	0.099415205
1545	0.104678363
1546	0.09033189
1548	0.15007215
1550	0.146783626
1551	0.091520468
1552	0.094152047
1553	0.087734488
1554	0.096783626
1555	0.105916306
1556	0.105916306
1557	0.115204678
1558	0.117836257
1559	0.178362573
1560	0.106240487
1561	0.133625731
1562	0.15007215
1563	0.123099415
1564	0.095526696
1565	0.15994152
1566	0.15994152
1567	0.13968254
1568	0.083625731
1569	0.112573099
1570	0.088888889
1571	0.080994152
1572	0.141520468
1573	0.111111111
1574	0.100721501
1575	0.108513709
1576	0.100721501
1577	0.10994152
1578	0.104678363
1579	0.105916306
1580	0.120467836
1581	0.123099415
1582	0.15007215
1583	0.120467836
1584	0.111111111
1585	0.120467836
1586	0.165656566
1587	0.102046784
1588	0.128362573
1589	0.133625731
1590	0.125730994
1591	0.131890332
1592	0.091737892
1593	0.08625731
1594	0.116305916
1595	0.09033189
1596	0.103318903
1597	0.07994228
1598	0.094152047
1599	0.121500722
1600	0.115204678
1601	0.147474747
1602	0.10994152
1603	0.138888889
1604	0.096783626
1605	0.096783626
1606	0.107309942
1607	0.115204678
1608	0.072150072
1609	0.088888889
1611	0.125730994
1612	0.100721501
1613	0.099415205
1614	0.096783626
1615	0.07994228
1616	0.165204678
1617	0.083625731
1618	0.096783626
1619	0.087734488
1620	0.103318903
1621	0.194227994
1622	0.157309942
1623	0.170467836
1624	0.138888889
1625	0.111111111
1626	0.083625731
1627	0.183625731
1628	0.154678363
1630	0.094152047
1631	0.102046784
1632	0.09033189
1633	0.107309942
1634	0.107309942
1635	0.153276353
1636	0.118903319
1637	0.120467836
1638	0.087734488
1639	0.078362573
1640	0.157309942
1641	0.133625731
1642	0.128362573
1643	0.104678363
1644	0.157309942
1645	0.175730994
1646	0.078362573
1647	0.141520468
1648	0.152046784
1649	0.167836257
1650	0.096783626
1651	0.115204678
1652	0.167836257
1653	0.134487734
1654	0.091520468
1655	0.088888889
1656	0.157864358
1657	0.096783626
1658	0.105916306
1659	0.089173789
1660	0.144152047
1661	0.117836257
1662	0.105916306
1663	0.08625731
1664	0.130994152
1665	0.08625731
1666	0.102046784
1667	0.094152047
1668	0.116305916
1669	0.082539683
1670	0.088888889
1671	0.107309942
1672	0.087734488
1673	0.123099415
1674	0.128362573
1675	0.094152047
1676	0.112573099
1677	0.083625731
1678	0.13019943
1679	0.098124098
1680	0.088888889
1681	0.078362573
1682	0.13625731
1683	0.162573099
1684	0.144877345
1685	0.091520468
1686	0.099415205
1687	0.102046784
1688	0.08625731
1689	0.111111111
1690	0.111111111
1691	0.102046784
1692	0.082539683
1693	0.08625731
1694	0.102046784
1695	0.131890332
1696	0.118903319
1697	0.118903319
1698	0.107309942
1699	0.117836257
1700	0.100721501
1701	0.112573099
1702	0.116305916
1703	0.133625731
1704	0.096783626
1705	0.152046784
1706	0.094152047
1707	0.125730994
1708	0.133625731
1709	0.088888889
1710	0.128362573
1711	0.077344877
1712	0.102046784
1713	0.13968254
1714	0.078362573
1715	0.08625731
1716	0.088888889
1717	0.120467836
1718	0.08625731
1719	0.102046784
1720	0.096783626
1721	0.095526696
1722	0.137085137
1723	0.094152047
1724	0.091520468
1725	0.087734488
1726	0.112573099
1727	0.112573099
1728	0.094152047
1729	0.087734488
1730	0.094152047
1731	0.098124098
1732	0.088888889
1733	0.080994152
1734	0.120467836
1735	0.095526696
1736	0.105916306
1737	0.107309942
1739	0.108513709
1741	0.10994152
1743	0.105916306
1745	0.123099415
1746	0.123099415
1748	0.125730994
1750	0.108513709
1752	0.157864358
1754	0.094152047
1756	0.18625731
1758	0.094152047
1760	0.122074074
1762	0.10994152
1763	0.078362573
1765	0.099415205
1766	0.094301994
1767	0.125730994
1768	0.085137085
1769	0.102046784
1770	0.082074074
1771	0.082539683
1772	0.088888889
1773	0.104678363
1774	0.085137085
1775	0.099415205
1776	0.133625731
1777	0.10968661
1778	0.077344877
1779	0.094152047
1781	0.141520468
1782	0.094152047
1783	0.126695527
1784	0.091520468
1786	0.102046784
1788	0.095526696
1789	0.085137085
1791	0.112573099
1793	0.08625731
1794	0.117836257
1795	0.094152047
1796	0.102046784
1797	0.085137085
1798	0.091520468
1799	0.088888889
1802	0.102046784
1803	0.096783626
1805	0.083625731
1806	0.092929293
1808	0.126695527
1810	0.091520468
1811	0.095526696
1812	0.096783626
1813	0.082539683
1814	0.096783626
1815	0.088888889
1816	0.080994152
1817	0.113271605
1818	0.094152047
1819	0.194152047
1820	0.165656566
1821	0.152046784
1822	0.125730994
1823	0.183625731
1824	0.138888889
1825	0.15994152
1826	0.146783626
1827	0.13968254
1828	0.125730994
1829	0.133625731
1830	0.13968254
1831	0.133625731
1832	0.104678363
1833	0.134487734
1834	0.138888889
1835	0.144152047
1836	0.094152047
1837	0.133625731
1838	0.10323488
1839	0.091520468
1840	0.138888889
1841	0.133625731
1842	0.092929293
1843	0.094152047
1844	0.094152047
1845	0.144152047
1846	0.133625731
1847	0.115204678
1848	0.080994152
1849	0.083625731
1850	0.207309942
1851	0.120467836
1852	0.105916306
1853	0.170467836
1854	0.18625731
1855	0.180994152
1856	0.141520468
1857	0.138888889
1858	0.130994152
1859	0.133625731
1860	0.167836257
1861	0.094152047
1862	0.18625731
1863	0.165656566
1864	0.154678363
1865	0.104678363
1866	0.123099415
1867	0.138888889
1868	0.114814815
1869	0.18625731
1870	0.204678363
1871	0.165204678
1872	0.149415205
1873	0.173099415
1874	0.08625731
1875	0.096783626
1876	0.094152047
1877	0.117836257
1878	0.108513709
1879	0.088888889
1880	0.091520468
1881	0.096783626
1882	0.095526696
1883	0.108513709
1884	0.104678363
1885	0.08625731
1886	0.170851371
1889	0.112573099
1890	0.146783626
1891	0.144152047
1892	0.138888889
1893	0.130994152
1894	0.103318903
1895	0.118903319
1896	0.123099415
1897	0.092929293
1898	0.170467836
1899	0.138888889
1900	0.154678363
1901	0.105916306
1902	0.144152047
1903	0.191520468
1904	0.183838384
1905	0.104678363
1906	0.178362573
1907	0.15007215
1908	0.09033189
1909	0.083625731
1910	0.088888889
1911	0.078362573
1912	0.095526696
1913	0.073099415
1914	0.117836257
1915	0.146783626
1916	0.149415205
1917	0.130994152
1918	0.178362573
1919	0.094152047
1920	0.099415205
1921	0.091520468
1922	0.138888889
1923	0.112573099
1924	0.130994152
1925	0.117836257
1926	0.133625731
1927	0.098124098
1928	0.123099415
1929	0.175730994
1930	0.125730994
1931	0.183838384
1932	0.123099415
1933	0.117836257
1934	0.085137085
1935	0.157309942
1936	0.092929293
1938	0.146783626
1939	0.141520468
1940	0.154678363
1941	0.157864358
1942	0.254678363
1943	0.157309942
1944	0.20994152
1945	0.173099415
1946	0.23625731
1947	0.191520468
1948	0.167836257
1949	0.157309942
1950	0.283625731
1951	0.223099415
1952	0.204740741
1953	0.189033189
1954	0.261760462
1955	0.254678363
1956	0.152669553
1957	0.235327635
1958	0.212573099
1959	0.15994152
1960	0.180994152
1961	0.144152047
1962	0.180994152
1963	0.18625731
1964	0.181240981
1965	0.112573099
1966	0.183838384
1967	0.152669553
1968	0.267836257
1969	0.223099415
1970	0.107309942
1971	0.181240981
1972	0.133625731
1973	0.130994152
1974	0.149415205
1975	0.157864358
1976	0.223099415
1977	0.170467836
1978	0.254678363
1979	0.15994152
1980	0.217836257
1981	0.152046784
1982	0.202046784
1983	0.075730994
1984	0.091520468
1985	0.084045584
1986	0.088888889
1987	0.207215007
1988	0.162573099
1989	0.149415205
1990	0.202046784
1991	0.233625731
1992	0.152046784
1993	0.129292929
1994	0.138888889
1995	0.105916306
1996	0.08625731
1997	0.102046784
1998	0.104678363
1999	0.094152047
2000	0.083625731
2001	0.091520468
2002	0.082539683
2003	0.073099415
2004	0.077344877
2005	0.098124098
2006	0.083625731
2007	0.09033189
2008	0.094152047
2009	0.091520468
2010	0.08625731
2011	0.095526696
2012	0.104678363
2013	0.08625731
2014	0.117836257
2015	0.124098124
2016	0.092929293
2017	0.125730994
2018	0.088888889
2019	0.078362573
2020	0.078917379
2021	0.118903319
2022	0.133625731
2023	0.095526696
2024	0.100721501
2025	0.09033189
2026	0.096783626
2027	0.104678363
2028	0.111111111
2029	0.094301994
2030	0.09033189
2031	0.106074074
2032	0.104678363
2033	0.105925926
2034	0.094152047
2035	0.100721501
2036	0.112250712
2037	0.078362573
2038	0.115204678
2039	0.091737892
2040	0.075730994
2041	0.08625731
2042	0.088888889
2043	0.078362573
2044	0.098124098
2045	0.102046784
2046	0.115204678
2047	0.07994228
2048	0.125730994
2049	0.092929293
2050	0.107309942
2051	0.099415205
2052	0.099415205
2053	0.130994152
2054	0.10994152
2055	0.112573099
2056	0.09033189
2057	0.123099415
2058	0.098124098
2059	0.091520468
2060	0.098124098
2061	0.094152047
2062	0.082539683
2063	0.08625731
2064	0.088888889
2065	0.09033189
2066	0.087407407
2067	0.092929293
2068	0.10994152
2069	0.107309942
2070	0.07994228
2071	0.096783626
2072	0.116305916
2073	0.099415205
2074	0.080994152
2075	0.098124098
2076	0.078362573
2077	0.098124098
2078	0.099415205
2079	0.096783626
2080	0.107309942
2081	0.102046784
2082	0.08625731
2083	0.102046784
2084	0.094152047
2085	0.08625731
2086	0.13968254
2087	0.099415205
2088	0.114814815
2090	0.088888889
2091	0.077344877
2093	0.08625731
2094	0.095526696
2095	0.073099415
2096	0.112573099
2097	0.111111111
2098	0.120467836
2099	0.115204678
2100	0.098124098
2101	0.09033189
2102	0.080994152
2103	0.146783626
2104	0.124098124
2105	0.117836257
2106	0.154678363
2107	0.112573099
2108	0.129292929
2109	0.131890332
2110	0.116305916
2111	0.085137085
2112	0.116305916
2113	0.121604938
2114	0.123099415
2115	0.088888889
2116	0.112573099
2117	0.152669553
2118	0.176046176
2119	0.162573099
2120	0.07994228
2121	0.083625731
2122	0.113708514
2123	0.13968254
2124	0.112573099
2125	0.128362573
2126	0.138888889
2127	0.125730994
2128	0.094152047
2129	0.096783626
2130	0.183838384
2131	0.146783626
2132	0.099415205
2133	0.133625731
2134	0.133625731
2135	0.106074074
2136	0.102046784
2137	0.133625731
2138	0.120467836
2139	0.096783626
2140	0.096783626
2141	0.107309942
2142	0.149415205
2143	0.099415205
2144	0.15994152
2145	0.108513709
2146	0.120467836
2147	0.103318903
2148	0.104678363
2149	0.125730994
2150	0.123099415
2151	0.094301994
2152	0.13625731
2153	0.112573099
2154	0.146783626
2155	0.125730994
2156	0.133625731
2157	0.146783626
2158	0.133625731
2159	0.121500722
2160	0.154678363
2161	0.128362573
2162	0.15007215
2163	0.10994152
2164	0.10994152
2165	0.078362573
2166	0.121500722
2167	0.117836257
2168	0.099415205
2169	0.092929293
2170	0.103318903
2171	0.096783626
2172	0.138888889
2173	0.100721501
2174	0.092929293
2175	0.10994152
2176	0.111111111
2177	0.10994152
2178	0.091520468
2179	0.102046784
2180	0.075730994
2181	0.128362573
2182	0.125730994
2183	0.130994152
2184	0.10994152
2185	0.125730994
2186	0.10994152
2187	0.104678363
2188	0.13625731
2189	0.094152047
2190	0.13625731
2191	0.098124098
2192	0.128362573
2193	0.096783626
2194	0.125730994
2195	0.120467836
2196	0.098124098
2197	0.107309942
2198	0.124098124
2199	0.094152047
2200	0.080994152
2201	0.082539683
2202	0.104678363
2203	0.080994152
2204	0.09033189
2205	0.088888889
2206	0.088888889
2207	0.130994152
2208	0.115204678
2209	0.117836257
2210	0.165204678
2211	0.107309942
2212	0.130994152
2213	0.123099415
2214	0.088888889
2215	0.094152047
2216	0.138888889
2217	0.095526696
2218	0.107309942
2219	0.104678363
2220	0.117836257
2221	0.113708514
2222	0.108513709
2223	0.085137085
2224	0.104678363
2225	0.149415205
2226	0.10994152
2227	0.091520468
2228	0.146783626
2229	0.084045584
2230	0.082539683
2231	0.154678363
2232	0.118903319
2233	0.080994152
2234	0.078362573
2235	0.104678363
2236	0.131890332
2237	0.115204678
2238	0.094152047
2239	0.133625731
2240	0.08625731
2241	0.088888889
2242	0.094152047
2243	0.10994152
2244	0.082539683
2245	0.096783626
2246	0.072150072
2247	0.096783626
2248	0.088888889
2249	0.092929293
2250	0.094152047
2251	0.167836257
2252	0.099415205
2253	0.083625731
2254	0.07994228
2255	0.108513709
2256	0.082539683
2257	0.102046784
2258	0.07994228
2259	0.080994152
2260	0.082539683
2261	0.094152047
2262	0.116305916
2263	0.104558405
2264	0.09033189
2265	0.102046784
2266	0.101994302
2267	0.104678363
2268	0.133625731
2269	0.124740741
2270	0.155266955
2271	0.112573099
2272	0.113708514
2273	0.130994152
2274	0.128362573
2275	0.116305916
2276	0.162573099
2277	0.107309942
2278	0.120956399
2279	0.154678363
2280	0.124098124
2281	0.098124098
2282	0.121500722
2283	0.099415205
2284	0.116305916
2285	0.082539683
2286	0.13968254
2287	0.138888889
2288	0.134487734
2289	0.10994152
2290	0.103318903
2291	0.094152047
2292	0.157309942
2293	0.092929293
2294	0.116305916
2295	0.125730994
2296	0.102046784
2297	0.100721501
2298	0.096783626
2299	0.080994152
2300	0.085137085
2301	0.077344877
2302	0.099415205
2303	0.07994228
2304	0.104678363
2305	0.077344877
2306	0.091520468
2307	0.092929293
2308	0.08625731
2309	0.103318903
2312	0.088888889
2313	0.080994152
2314	0.125730994
2315	0.083625731
2316	0.099415205
2317	0.096783626
2318	0.107309942
2319	0.075730994
2320	0.108513709
2321	0.103318903
2322	0.115204678
2323	0.144152047
2324	0.117836257
2325	0.141520468
2326	0.15994152
2327	0.118903319
2328	0.157864358
2329	0.142279942
2330	0.094152047
2331	0.091520468
2332	0.088888889
2333	0.096783626
2334	0.083625731
2335	0.108513709
2336	0.104678363
2337	0.084045584
2338	0.088888889
2339	0.085137085
2340	0.077344877
2341	0.09033189
2342	0.09033189
2343	0.13968254
2344	0.133625731
2345	0.083625731
2346	0.088888889
2347	0.077344877
2348	0.103407407
2349	0.157309942
2350	0.099415205
2368	0.149415205
2369	0.094152047
2370	0.096783626
2371	0.082539683
2372	0.080994152
2373	0.107309942
2374	0.08625731
2375	0.096783626
2376	0.103318903
2377	0.102046784
2378	0.119407407
2379	0.102046784
2380	0.087407407
2381	0.075730994
2382	0.10994152
2383	0.112573099
2384	0.13625731
2385	0.105916306
2386	0.07994228
2387	0.091520468
2388	0.104678363
2389	0.088888889
2390	0.10994152
2391	0.088888889
2392	0.111111111
2393	0.081481481
2394	0.130994152
2395	0.088888889
2396	0.108513709
2397	0.091520468
2398	0.096783626
2399	0.111111111
2400	0.118903319
2401	0.094152047
2402	0.085137085
2403	0.075730994
2404	0.084045584
2405	0.113708514
2406	0.081481481
2407	0.128362573
2408	0.102046784
2409	0.088888889
2410	0.074747475
2411	0.080994152
2412	0.09033189
2413	0.129292929
2414	0.098124098
2415	0.100721501
2416	0.08625731
2417	0.094152047
2418	0.095526696
2419	0.112573099
2420	0.10994152
2421	0.088888889
2422	0.083625731
2423	0.074747475
2424	0.088888889
2425	0.108298172
2426	0.083625731
2427	0.096783626
2428	0.094152047
2429	0.116740741
2430	0.087734488
2431	0.091737892
2432	0.098124098
2433	0.100721501
2434	0.08625731
2435	0.073789174
2436	0.11994302
2437	0.078362573
2438	0.087734488
2439	0.074747475
2440	0.091737892
2441	0.123099415
2442	0.143019943
2443	0.098124098
2444	0.117836257
2445	0.095526696
2446	0.149415205
2447	0.078362573
2448	0.092929293
2449	0.078362573
2450	0.083625731
2451	0.078362573
2452	0.085137085
2453	0.147474747
2454	0.092929293
2455	0.094152047
2456	0.07994228
2457	0.117836257
2458	0.078362573
2459	0.142279942
2460	0.096866097
2461	0.09033189
2462	0.085137085
2463	0.13625731
2464	0.091520468
2465	0.138888889
2466	0.103318903
2467	0.087734488
2468	0.095526696
2469	0.078362573
2470	0.098074074
2471	0.108513709
2472	0.088888889
2473	0.102046784
2474	0.075730994
2475	0.150712251
2476	0.087734488
2477	0.091737892
2478	0.111111111
2479	0.115204678
2480	0.117836257
2481	0.088888889
2482	0.075730994
2483	0.080994152
2484	0.116305916
2485	0.085137085
2486	0.072150072
2486.1	0.072150072
2487	0.08625731
2488	0.100721501
2489	0.149415205
2490	0.08625731
2491	0.107309942
2492	0.096783626
2493	0.078917379
2494	0.099430199
2495	0.102046784
2496	0.104678363
2497	0.117836257
2498	0.096783626
2499	0.10994152
2500	0.118903319
2501	0.104678363
2502	0.123099415
2503	0.112573099
2504	0.096783626
2505	0.082539683
2506	0.087734488
2507	0.075730994
2508	0.104678363
2509	0.087734488
2510	0.080994152
2511	0.099415205
2512	0.091520468
2513	0.102046784
2514	0.099415205
2515	0.082539683
2516	0.088888889
2517	0.130994152
2518	0.104678363
2519	0.138888889
2520	0.094152047
2521	0.094152047
2522	0.091520468
2523	0.134487734
2524	0.116305916
2525	0.107309942
2526	0.102046784
2527	0.124098124
2528	0.121500722
2529	0.099415205
2530	0.094152047
2531	0.152046784
2532	0.096783626
2533	0.092929293
2534	0.082539683
2535	0.087734488
2536	0.085137085
2537	0.096783626
2538	0.115204678
2539	0.107309942
2540	0.098124098
2541	0.103318903
2542	0.098124098
2543	0.075730994
2544	0.102046784
2545	0.075730994
2546	0.096783626
2547	0.074747475
2548	0.088888889
2549	0.112573099
2550	0.09033189
2551	0.099415205
2552	0.088888889
2553	0.090576653
2554	0.078362573
2555	0.116740741
2556	0.125730994
2557	0.116305916
2558	0.083625731
2559	0.083625731
2560	0.10994152
2561	0.088888889
2562	0.107122507
2563	0.096783626
2564	0.115204678
2565	0.094152047
2566	0.100721501
2567	0.085137085
2568	0.088888889
2569	0.091520468
2570	0.083625731
2571	0.07994228
2572	0.107309942
2573	0.129292929
2574	0.095526696
2575	0.105916306
2576	0.09033189
2577	0.112573099
2578	0.107309942
2579	0.117836257
2580	0.115204678
2581	0.150712251
2582	0.133625731
2583	0.099415205
2584	0.09033189
2585	0.103318903
2586	0.092929293
2587	0.092929293
2588	0.104678363
2589	0.07994228
2590	0.091520468
2591	0.085137085
2592	0.124098124
2593	0.09033189
2594	0.076353276
2595	0.094152047
2596	0.102046784
2597	0.08625731
2598	0.111111111
2599	0.099415205
2600	0.080994152
2601	0.077344877
2602	0.083625731
2603	0.087734488
2604	0.096783626
2605	0.088888889
2606	0.091737892
2607	0.075730994
2608	0.078362573
2609	0.102046784
2610	0.091520468
2611	0.115204678
2612	0.130994152
2613	0.083625731
2614	0.091520468
2614.1	0.094152047
2614.2	0.091520468
2615	0.103318903
2616	0.098124098
2617	0.096783626
2618	0.094152047
2619	0.141520468
2620	0.117836257
2621	0.082539683
2622	0.096866097
2623	0.138888889
2624	0.083625731
2625	0.134487734
2626	0.123099415
2627	0.125730994
2628	0.07994228
2628.1	0.082539683
2629	0.083625731
2630	0.096783626
2631	0.074747475
2632	0.073099415
2633	0.123099415
2634	0.096783626
2635	0.087734488
2636	0.108513709
2637	0.141520468
2638	0.099415205
2639	0.123099415
2640	0.08625731
2641	0.199422799
2642	0.088888889
2643	0.096783626
2644	0.099415205
2645	0.115204678
2646	0.082539683
2647	0.080994152
2648	0.099415205
2649	0.102046784
2650	0.143019943
2651	0.126695527
2652	0.13625731
2653	0.07994228
2654	0.09033189
2655	0.09033189
2656	0.103318903
2657	0.087734488
2658	0.117836257
2659	0.087734488
2660	0.10994152
2661	0.099415205
2662	0.096783626
2663	0.154678363
2664	0.152669553
2665	0.092929293
2666	0.10994152
2667	0.096783626
2668	0.080994152
2669	0.138888889
2670	0.104678363
2671	0.094152047
2672	0.107309942
2673	0.099415205
2674	0.091520468
2675	0.088888889
2676	0.094152047
2677	0.086609687
2678	0.083625731
2679	0.09033189
2680	0.101994302
2681	0.117836257
2682	0.10994152
2683	0.102046784
2684	0.082539683
2685	0.115204678
2686	0.094152047
2687	0.100721501
2688	0.085137085
2689	0.094152047
2690	0.083625731
2691	0.102046784
2692	0.115204678
2693	0.094301994
2694	0.096783626
2695	0.098124098
2696	0.100721501
2697	0.133625731
2697.1	0.13625731
2698	0.095526696
2699	0.085137085
2700	0.115204678
2701	0.075730994
2702	0.099415205
2703	0.088888889
2704	0.130994152
2705	0.096783626
2706	0.085137085
2707	0.08625731
2708	0.102046784
2709	0.092929293
2710	0.133625731
2711	0.107309942
2712	0.111111111
2713	0.096783626
2714	0.102046784
2715	0.104678363
2716	0.073789174
2717	0.096783626
2718	0.078362573
2719	0.115204678
2720	0.111111111
2721	0.080994152
2722	0.10994152
2723	0.103318903
2724	0.088888889
2725	0.108513709
2726	0.152046784
2727	0.103318903
2728	0.074747475
2729	0.089173789
2730	0.096783626
2731	0.103318903
2732	0.085137085
2733	0.072150072
2734	0.113708514
2735	0.08625731
2736	0.107122507
2737	0.104678363
2738	0.095526696
2739	0.083625731
2740	0.075730994
2741	0.111111111
2742	0.091737892
2743	0.10968661
2743.1	0.104558405
2744	0.078362573
2745	0.084045584
2746	0.102046784
2747	0.087734488
2748	0.096783626
2749	0.088888889
2750	0.152046784
2751	0.099415205
2752	0.107122507
2753	0.111111111
2754	0.102046784
2755	0.091520468
2756	0.105766526
2757	0.08625731
2758	0.078362573
2759	0.123099415
2760	0.085137085
2761	0.072150072
2762	0.10994152
2763	0.102046784
2764	0.080994152
2765	0.072150072
2766	0.091520468
2767	0.146272855
2768	0.100721501
2769	0.115204678
2770	0.100721501
2771	0.09033189
2772	0.126695527
2773	0.13625731
2774	0.125730994
2775	0.157309942
2776	0.104678363
2777	0.082539683
2778	0.085137085
2779	0.096783626
2780	0.112573099
2781	0.104678363
2782	0.083625731
2783	0.152046784
2784	0.127635328
2785	0.173448773
2786	0.09033189
2787	0.076353276
2788	0.080994152
2789	0.072150072
2790	0.085137085
2791	0.095526696
2792	0.084045584
2793	0.096783626
2794	0.091737892
2795	0.094152047
2796	0.080994152
2797	0.094152047
2798	0.098124098
2799	0.103318903
2800	0.173448773
2801	0.099415205
2802	0.088888889
2802.1	0.083625731
2803	0.178362573
2804	0.080994152
2805	0.092929293
2806	0.124098124
2807	0.13968254
2808	0.117836257
2809	0.111111111
2810	0.092929293
2811	0.088888889
2812	0.073099415
2813	0.116305916
2814	0.08625731
2815	0.120467836
2816	0.124098124
2817	0.098124098
2818	0.094152047
2819	0.128362573
2820	0.080994152
2821	0.103318903
2822	0.087734488
2823	0.125730994
2824	0.104678363
2825	0.144152047
2826	0.112573099
2827	0.108513709
2828	0.092929293
2829	0.09033189
2830	0.096783626
2831	0.094152047
2832	0.099415205
2833	0.091520468
2834	0.084740741
2835	0.102046784
2836	0.18625731
2837	0.128362573
2838	0.102046784
2839	0.143019943
2840	0.138888889
2841	0.130994152
2842	0.074747475
2843	0.094152047
2844	0.073099415
2845	0.099415205
2846	0.07994228
2847	0.082981716
2848	0.113708514
2849	0.104678363
2850	0.083625731
2851	0.075386779
2852	0.098124098
2853	0.08625731
2854	0.096783626
2855	0.101994302
2856	0.084045584
2857	0.092929293
2858	0.099415205
2859	0.07994228
2860	0.080994152
2861	0.103318903
2861.1	0.100721501
2862	0.077344877
2863	0.111111111
2864	0.152046784
2865	0.087734488
2866	0.078362573
2867	0.083625731
2868	0.075730994
2869	0.111111111
2870	0.15994152
2871	0.087734488
2872	0.102046784
2873	0.115204678
2874	0.099415205
2875	0.115204678
2876	0.100721501
2877	0.10994152
2878	0.115204678
2879	0.117836257
2880	0.091520468
2881	0.13625731
2882	0.080994152
2883	0.08625731
2884	0.083625731
2885	0.075730994
2886	0.129292929
2887	0.112573099
2888	0.111111111
2889	0.099430199
2890	0.117836257
2891	0.089173789
2892	0.102046784
2893	0.081481481
2894	0.091520468
2895	0.098124098
2896	0.074747475
2897	0.105916306
2898	0.112573099
2899	0.131890332
2900	0.094152047
2901	0.096783626
2902	0.100721501
2903	0.107309942
2904	0.082539683
2905	0.087734488
2906	0.144877345
2907	0.117836257
2908	0.088888889
2909	0.078917379
2910	0.07994228
2911	0.132763533
2912	0.107309942
2913	0.07994228
2914	0.104678363
2915	0.07994228
2916	0.096783626
2917	0.091520468
2918	0.103318903
2919	0.092929293
2920	0.084045584
2921	0.118903319
2922	0.087734488
2923	0.077344877
2924	0.098124098
2925	0.082539683
2926	0.117836257
2927	0.078362573
2928	0.094152047
2929	0.103318903
2930	0.085137085
2931	0.08625731
2932	0.082539683
2933	0.077344877
2934	0.113708514
2935	0.075730994
2936	0.121500722
2937	0.075730994
2938	0.115204678
2939	0.095526696
2940	0.115204678
2941	0.112573099
2942	0.173448773
2943	0.108513709
2944	0.083625731
2945	0.095526696
2946	0.082539683
2947	0.104678363
2948	0.091520468
2949	0.138888889
2950	0.099415205
2951	0.112573099
2952	0.091737892
2953	0.133625731
2954	0.117836257
2955	0.084740741
2956	0.075730994
2957	0.096783626
2958	0.094152047
2959	0.077344877
2960	0.095526696
2961	0.094152047
2962	0.07994228
2963	0.094152047
2964	0.07994228
2965	0.091520468
2966	0.088888889
2967	0.095526696
2968	0.102046784
2969	0.112573099
2970	0.099415205
2971	0.13625731
2972	0.073099415
2973	0.095526696
2974	0.133625731
2975	0.104678363
2976	0.116305916
2977	0.096783626
2978	0.142279942
2979	0.08625731
2980	0.088888889
2981	0.078362573
2982	0.085137085
2983	0.091520468
2984	0.13625731
2985	0.094152047
2985.1	0.091520468
2986	0.078362573
2987	0.08625731
2988	0.10994152
2989	0.124098124
2990	0.112573099
2991	0.099430199
2992	0.099415205
2993	0.157309942
2994	0.183625731
2995	0.088888889
2996	0.107309942
2997	0.08625731
2998	0.093108298
2998.1	0.10323488
2999	0.104558405
3000	0.10994152
3001	0.094152047
3002	0.080994152
3003	0.091520468
3004	0.091520468
3005	0.129292929
3006	0.138677918
3007	0.078362573
3008	0.091520468
3009	0.104678363
3010	0.104678363
3011	0.080994152
3012	0.083625731
3013	0.099415205
3014	0.096783626
3015	0.080994152
3016	0.092929293
3017	0.077344877
3018	0.095526696
3019	0.083625731
3020	0.092929293
3021	0.091520468
3022	0.092929293
3023	0.084045584
3024	0.078362573
3025	0.073099415
3026	0.088888889
3027	0.095526696
3028	0.088888889
3029	0.091737892
3030	0.102046784
3031	0.103318903
3032	0.105916306
3033	0.146783626
3034	0.082539683
3035	0.118903319
3036	0.095526696
3037	0.096866097
3038	0.076353276
3039	0.077344877
3040	0.078362573
3041	0.087734488
3042	0.102046784
3043	0.080994152
3044	0.077344877
3045	0.107309942
3046	0.118903319
3047	0.083625731
3048	0.117836257
3049	0.107122507
3050	0.091520468
3051	0.080994152
3052	0.098124098
3053	0.077344877
3054	0.087734488
3055	0.102046784
3056	0.120467836
3057	0.07994228
3058	0.129292929
3059	0.08625731
3060	0.128362573
3061	0.10994152
3062	0.107309942
3063	0.10994152
3064	0.10968661
3065	0.07994228
3066	0.080994152
3067	0.10994152
3068	0.091520468
3069	0.078362573
3070	0.124098124
3071	0.123099415
3072	0.120467836
3073	0.103318903
3074	0.091737892
3075	0.095526696
3076	0.121500722
3077	0.102046784
3078	0.080994152
3079	0.088888889
3080	0.10994152
3081	0.095526696
3082	0.134487734
3083	0.098124098
3084	0.092929293
3085	0.149415205
3086	0.123099415
3087	0.128362573
3088	0.149415205
3089	0.137085137
3090	0.085137085
3091	0.082539683
3092	0.104678363
3093	0.100721501
3094	0.162573099
3095	0.180994152
3096	0.095526696
3097	0.080994152
3098	0.112573099
3099	0.120467836
3100	0.107309942
3101	0.120467836
3102	0.096783626
3103	0.128362573
3104	0.080994152
3105	0.085137085
3106	0.104678363
3107	0.088888889
3108	0.088888889
3109	0.080994152
3110	0.077344877
3111	0.094152047
3112	0.096783626
3113	0.099415205
3114	0.082539683
3115	0.130994152
3116	0.134487734
3117	0.091520468
3118	0.091520468
3119	0.072150072
3120	0.133625731
3121	0.120467836
3122	0.087734488
3123	0.096783626
3124	0.099415205
3125	0.162573099
3126	0.091520468
3127	0.091520468
3128	0.074747475
3129	0.165204678
3130	0.113708514
3131	0.075730994
3132	0.115204678
3133	0.078362573
3134	0.101994302
3135	0.137085137
3136	0.083625731
3137	0.085137085
3138	0.094152047
3139	0.138888889
3140	0.073789174
3141	0.088888889
3142	0.078362573
3143	0.096783626
3144	0.107309942
3145	0.088888889
3146	0.078362573
3147	0.07994228
3148	0.083625731
3149	0.107309942
3150	0.115204678
3151	0.085137085
3152	0.08625731
3153	0.117836257
3154	0.07994228
3155	0.078917379
3156	0.113708514
3157	0.083625731
3158	0.107309942
3159	0.094152047
3160	0.07994228
3161	0.115204678
3162	0.083625731
3163	0.107309942
3164	0.144877345
3165	0.13625731
3166	0.095526696
3167	0.080994152
3168	0.130994152
3169	0.100721501
3170	0.095526696
3171	0.08625731
3172	0.117836257
3173	0.08625731
3174	0.082539683
3175	0.095526696
3176	0.10994152
3177	0.11994302
3178	0.096783626
3179	0.117836257
3180	0.128362573
3181	0.08625731
3182	0.080994152
3183	0.088888889
3184	0.074747475
3185	0.092929293
3186	0.104678363
3187	0.115204678
3188	0.087734488
3189	0.077344877
3190	0.105916306
3191	0.078362573
3192	0.088888889
3193	0.078362573
3194	0.102046784
3195	0.10994152
3196	0.104678363
3197	0.120467836
3198	0.084045584
3199	0.083625731
3200	0.082539683
3201	0.096783626
3202	0.118903319
3203	0.09033189
3204	0.128362573
3205	0.075386779
3206	0.083625731
3207	0.096783626
3208	0.07994228
3209	0.103318903
3210	0.104678363
3211	0.080994152
3212	0.102046784
3213	0.091520468
3214	0.125730994
3215	0.096783626
3216	0.08625731
3217	0.077344877
3218	0.126695527
3219	0.134487734
3220	0.096783626
3224	0.13625731
3226	0.107309942
3228	0.102046784
3229	0.088888889
3231	0.08625731
3235	0.100740741
3238	0.117378917
3241	0.103318903
3244	0.105916306
3246	0.091520468
3249	0.108513709
3251	0.107309942
3252	0.083625731
3254	0.105916306
3256	0.074747475
3257	0.09033189
3259	0.075386779
3261	0.115204678
3262	0.10994152
3264	0.087734488
3265	0.146783626
3267	0.080994152
3269	0.078362573
3271	0.083625731
3273	0.165656566
3275	0.117836257
3277	0.08625731
3279	0.115204678
3282	0.088888889
3283	0.094152047
3285	0.080994152
3287	0.085137085
3290	0.112573099
3292	0.083625731
3294	0.088888889
3296	0.088888889
3298	0.095526696
3304	0.100721501
3306	0.096866097
3308	0.099415205
3311	0.077344877
3313	0.082539683
3315	0.133625731
3316	0.103318903
3317	0.082539683
3319	0.091520468
3320	0.089173789
3321	0.096783626
3322	0.141520468
3325	0.08625731
3328	0.114074074
3334	0.091520468
3337	0.099415205
3338	0.088888889
3340	0.094152047
3341	0.096783626
3342	0.091520468
3343	0.094152047
3345	0.098124098
3347	0.096783626
3348	0.096783626
3349	0.096783626
3350	0.105916306
3351	0.117836257
3352	0.194152047
3353	0.115204678
3354	0.125730994
3355	0.124098124
3356	0.102046784
3357	0.117836257
3358	0.107309942
3358.1	0.10994152
3358.2	0.115204678
3359	0.100721501
3360	0.087734488
3361	0.118903319
3362	0.123099415
3362.1	0.128362573
3363	0.10994152
3364	0.113708514
3365	0.102046784
3366	0.115204678
3367	0.074747475
3368	0.108513709
3369	0.088888889
3370	0.121500722
3371	0.091520468
3372	0.115204678
3373	0.149415205
3374	0.099415205
3375	0.108513709
3376	0.123099415
3376.1	0.123099415
3377	0.08625731
3378	0.123099415
3379	0.215204678
3380	0.13968254
3381	0.123099415
3382	0.10994152
3383	0.096783626
3384	0.146783626
3385	0.104678363
3386	0.120467836
3387	0.09033189
3388	0.117836257
3389	0.10994152
3390	0.170467836
3391	0.117836257
3392	0.113708514
3393	0.103318903
3394	0.133625731
3395	0.115204678
3396	0.138888889
3397	0.152046784
3398	0.125730994
3399	0.128362573
3400	0.08625731
3401	0.116305916
3402	0.107309942
3403	0.099415205
3404	0.128362573
3405	0.13625731
3405.1	0.125730994
3406	0.115204678
3407	0.096783626
3408	0.149415205
3409	0.099415205
3410	0.107309942
3411	0.091520468
3412	0.115204678
3413	0.08625731
3414	0.099415205
3415	0.123099415
3416	0.120467836
3417	0.102046784
3418	0.137085137
3419	0.099365079
3420	0.138888889
3421	0.138888889
3422	0.124098124
3423	0.084045584
3424	0.080994152
3425	0.099415205
3426	0.144152047
3427	0.10994152
3428	0.096783626
3429	0.092929293
3430	0.103318903
3431	0.123099415
3432	0.138888889
3433	0.078917379
3434	0.102046784
3435	0.108513709
3436	0.104678363
3437	0.111111111
3438	0.134487734
3439	0.107309942
3440	0.131890332
3441	0.107309942
3442	0.104678363
3443	0.112573099
3444	0.104678363
3445	0.154074074
3446	0.094152047
3447	0.102046784
3448	0.133625731
3449	0.073099415
3450	0.102046784
3451	0.10994152
3452	0.134487734
3453	0.088888889
3454	0.107309942
3455	0.141520468
3456	0.096783626
3457	0.123099415
3458	0.146783626
3459	0.104678363
3460	0.112573099
3461	0.143019943
3462	0.120467836
3463	0.138888889
3464	0.083625731
3465	0.138888889
3466	0.117836257
3467	0.10994152
3468	0.112573099
3469	0.107309942
3470	0.112573099
3471	0.105916306
3472	0.134487734
3473	0.078362573
3474	0.124098124
3475	0.075730994
3476	0.125730994
3477	0.089173789
3478	0.107309942
3479	0.112573099
3480	0.103318903
3481	0.096866097
3482	0.107309942
3482.1	0.099415205
3483	0.141520468
3484	0.094152047
3485	0.116305916
3486	0.108513709
3487	0.130994152
3488	0.111111111
3489	0.088888889
3490	0.105916306
3491	0.130994152
3492	0.13625731
3493	0.088888889
3493.1	0.08625731
3494	0.115204678
3495	0.08625731
3496	0.181240981
3497	0.118903319
3498	0.103318903
3499	0.141520468
3500	0.141520468
3501	0.107309942
3502	0.138888889
3503	0.115204678
3504	0.133625731
3505	0.128362573
3506	0.103318903
3507	0.128362573
3508	0.112573099
3509	0.096783626
3510	0.088888889
3511	0.08625731
3512	0.088888889
3513	0.094152047
3514	0.107309942
3515	0.088888889
3516	0.078917379
3517	0.099415205
3518	0.08625731
3519	0.08625731
3520	0.080994152
3521	0.112573099
3522	0.112250712
3523	0.094152047
3524	0.085137085
3525	0.121500722
3526	0.130994152
3527	0.104678363
3528	0.095526696
3529	0.125730994
3530	0.117836257
3531	0.087734488
3532	0.094152047
3533	0.130994152
3534	0.08625731
3535	0.101994302
3536	0.131890332
3537	0.126695527
3537.1	0.113708514
3538	0.080994152
3539	0.103318903
3540	0.105916306
3541	0.107309942
3542	0.095639944
3543	0.178362573
3544	0.107309942
3545	0.08625731
3546	0.123099415
3547	0.08625731
3548	0.120467836
3549	0.094152047
3550	0.105916306
3551	0.111111111
3552	0.116305916
3553	0.088888889
3554	0.080994152
3555	0.099415205
3556	0.120467836
3557	0.096783626
3558	0.07994228
3559	0.112573099
3560	0.104678363
3561	0.091520468
3562	0.08625731
3563	0.112573099
3564	0.10994152
3565	0.133625731
3566	0.091520468
3567	0.103318903
3568	0.094152047
3569	0.167836257
3570	0.128362573
3571	0.086609687
3572	0.120467836
3573	0.096783626
3574	0.191520468
3575	0.125730994
3576	0.138888889
3577	0.111111111
3578	0.09033189
3579	0.083625731
3580	0.115204678
3581	0.112573099
3582	0.117836257
3583	0.085137085
3584	0.087734488
3585	0.088888889
3586	0.094152047
3587	0.099415205
3588	0.099415205
3589	0.113708514
3590	0.076353276
3591	0.084045584
3592	0.144877345
3593	0.107309942
3594	0.075730994
3595	0.095526696
3596	0.096783626
3597	0.094152047
3598	0.108513709
3599	0.104678363
3600	0.125730994
3601	0.10968661
3602	0.074747475
3603	0.102046784
3604	0.100721501
3605	0.08625731
3606	0.104678363
3607	0.091520468
3608	0.121500722
3609	0.076353276
3610	0.085137085
3611	0.083625731
3613	0.091520468
3614	0.104678363
3615	0.104678363
3616	0.102046784
3617	0.111111111
3618	0.091520468
3619	0.077344877
3620	0.107309942
3621	0.098124098
3622	0.096783626
3623	0.104678363
3624	0.100721501
3626	0.133625731
3628	0.082539683
3629	0.096783626
3630	0.087734488
3631	0.088888889
3632	0.075730994
3633	0.07994228
3634	0.07994228
3635	0.078917379
3636	0.080994152
3637	0.083625731
3638	0.098124098
3639	0.103318903
3640	0.094152047
3641	0.098124098
3642	0.103318903
3643	0.083625731
3644	0.078362573
3645	0.102046784
3646	0.088888889
3647	0.091520468
3648	0.08625731
3649	0.105916306
3650	0.102046784
3652	0.077344877
3653	0.07994228
3654	0.118903319
3655	0.138888889
3656	0.112573099
3657	0.076353276
3658	0.100721501
3659	0.08625731
3660	0.117836257
3661	0.078362573
3663	0.10994152
3664	0.096866097
3665	0.124098124
3666	0.092929293
3667	0.09033189
3668	0.085137085
3669	0.081481481
3670	0.10994152
3671	0.080994152
3672	0.087734488
3673	0.094152047
3674	0.112573099
3675	0.102046784
3676	0.091520468
3677	0.102046784
3678	0.094301994
3679	0.08625731
3680	0.120467836
3681	0.120467836
3682	0.080994152
3683	0.084045584
3684	0.103318903
3685	0.07994228
3686	0.092929293
3687	0.085137085
3689	0.099430199
3690	0.107309942
3692	0.083625731
3693	0.146783626
3695	0.080994152
3696	0.094152047
3697	0.078362573
3698	0.099415205
3699	0.075730994
3700	0.113708514
3701	0.102046784
3702	0.099415205
3703	0.099415205
3704	0.102046784
3705	0.096783626
3706	0.115204678
3707	0.157864358
3708	0.091520468
3709	0.083625731
3710	0.099415205
3711	0.104678363
3712	0.121500722
3713	0.144152047
3714	0.083625731
3715	0.083625731
3716	0.078362573
3717	0.104678363
3718	0.107122507
3719	0.08625731
3720	0.080994152
3721	0.092929293
3722	0.100721501
3723	0.104678363
3724	0.094152047
3725	0.10994152
3726	0.082539683
3727	0.117836257
3728	0.085137085
3729	0.092929293
3730	0.115204678
3731	0.091520468
3732	0.112573099
3733	0.120467836
3734	0.125730994
3735	0.095526696
3736	0.092929293
3737	0.10994152
3738	0.083625731
3739	0.074747475
3740	0.102046784
3741	0.080994152
3742	0.083625731
3743	0.116305916
3744	0.103318903
3745	0.094301994
3746	0.143019943
3747	0.130994152
3748	0.098124098
3749	0.130994152
3750	0.087734488
3751	0.111111111
3752	0.112573099
3753	0.102046784
3754	0.171205008
3755	0.128362573
3756	0.088888889
3757	0.085137085
3758	0.099415205
3759	0.105916306
3760	0.120467836
3761	0.144152047
3762	0.102046784
3763	0.101994302
3764	0.128362573
3765	0.096783626
3766	0.098124098
3767	0.08625731
3768	0.10994152
3769	0.09033189
3770	0.096783626
3771	0.080994152
3772	0.116305916
3773	0.094152047
3774	0.120467836
3775	0.102046784
3776	0.091520468
3777	0.096783626
3778	0.116305916
3779	0.244152047
3780	0.207309942
3781	0.178362573
3782	0.223099415
3783	0.170467836
3784	0.173448773
3785	0.152669553
3786	0.18625731
3787	0.167836257
3788	0.128362573
3789	0.102046784
3790	0.08625731
3792	0.073789174
3793	0.088888889
3794	0.112573099
3795	0.122507123
3796	0.115204678
3797	0.092929293
3798	0.120467836
3799	0.09033189
3800	0.116305916
3801	0.102046784
3802	0.104678363
3803	0.092929293
3804	0.075730994
3805	0.083625731
3806	0.101994302
3807	0.129292929
3808	0.088888889
3809	0.075730994
3810	0.113708514
3812	0.091520468
3813	0.105916306
3814	0.118903319
3815	0.087734488
3816	0.091520468
3817	0.138888889
3818	0.098124098
3819	0.103318903
3820	0.115204678
3821	0.092929293
3822	0.215007215
3823	0.196825397
3824	0.098124098
3825	0.112573099
3826	0.150712251
3827	0.094152047
3828	0.117836257
3829	0.112573099
3830	0.112573099
3831	0.096783626
3832	0.091520468
3833	0.112573099
3834	0.123099415
3835	0.138888889
3836	0.099415205
3837	0.105916306
3838	0.092929293
3839	0.137085137
3840	0.117836257
3841	0.137891738
3842	0.125730994
3843	0.141520468
3844	0.096783626
3845	0.100721501
3846	0.154678363
3847	0.13625731
3848	0.100721501
3849	0.107309942
3850	0.130994152
3851	0.092929293
3853	0.087734488
3854	0.116305916
3855	0.130994152
3856	0.133625731
3858	0.07994228
3859	0.091520468
3860	0.104678363
3861	0.115204678
3862	0.123099415
3863	0.076353276
3864	0.099415205
3865	0.123099415
3866	0.117836257
3867	0.112573099
3868	0.083625731
3869	0.105916306
3870	0.144152047
3871	0.100721501
3872	0.133625731
3873	0.183838384
3874	0.094152047
3876	0.129292929
3877	0.078362573
3881	0.088888889
3883	0.111407407
3887	0.128362573
3888	0.107309942
3889	0.106074074
3890	0.096783626
3891	0.094301994
3892	0.102046784
3893	0.10994152
3894	0.087734488
3895	0.100721501
3896	0.077344877
3897	0.083625731
3898	0.110493827
3899	0.083625731
3900	0.10994152
3901	0.155266955
3902	0.142279942
3903	0.157309942
3904	0.173099415
3905	0.157864358
3906	0.155266955
3908	0.078362573
3909	0.254678363
3910	0.173099415
3911	0.175730994
3912	0.241520468
3913	0.178362573
3914	0.162573099
3915	0.15994152
3916	0.188888889
3917	0.183625731
3918	0.220467836
3919	0.173448773
3920	0.18625731
3921	0.096783626
3922	0.085137085
3923	0.092929293
3924	0.073099415
3925	0.117836257
3926	0.085137085
3927	0.087734488
3928	0.10994152
3929	0.09033189
3930	0.10994152
3931	0.115204678
3932	0.09033189
3933	0.08625731
3934	0.130994152
3935	0.086609687
3936	0.078362573
3937	0.09033189
3938	0.096783626
3939	0.125730994
3940	0.10994152
3941	0.130994152
3942	0.199415205
3943	0.120467836
3944	0.08625731
3945	0.088888889
3946	0.16046176
3947	0.129292929
3948	0.105916306
3949	0.118903319
3950	0.096783626
3951	0.13625731
3952	0.16046176
3953	0.088888889
3954	0.102046784
3955	0.08625731
3956	0.095526696
3958	0.133625731
3959	0.07994228
3960	0.099415205
3961	0.099415205
3963	0.181240981
3964	0.083625731
3965	0.149415205
3966	0.180994152
3967	0.129292929
3968	0.178362573
3970	0.115204678
3971	0.146783626
3972	0.091520468
3974	0.116305916
3975	0.120467836
3976	0.103318903
3977	0.088888889
3979	0.078362573
3980	0.080994152
3981	0.099415205
3982	0.141520468
3983	0.15994152
3984	0.215007215
3986	0.092929293
3987	0.125730994
3988	0.155266955
3989	0.087734488
3990	0.113708514
3992	0.087734488
3994	0.07994228
3995	0.099415205
3996	0.175730994
3997	0.175730994
3998	0.235786436
3999	0.09033189
4001	0.100721501
4002	0.083625731
4004	0.095526696
4005	0.094152047
4007	0.163059163
4009	0.113708514
4010	0.15994152
4012	0.088888889
4013	0.078362573
4014	0.094301994
4015	0.107309942
4016	0.105916306
4017	0.09033189
4018	0.099415205
4019	0.094152047
4020	0.096866097
4021	0.102046784
4022	0.082539683
4023	0.10994152
4024	0.102046784
4025	0.07994228
4027	0.098124098
4028	0.107122507
4029	0.091737892
4030	0.138888889
4031	0.096783626
4032	0.099430199
4033	0.088888889
4034	0.134487734
4035	0.252046784
4036	0.10994152
4037	0.113708514
4038	0.07994228
4039	0.07994228
4040	0.09033189
4041	0.152046784
4042	0.183625731
4043	0.138888889
4044	0.102046784
4045	0.083625731
4046	0.10994152
4047	0.102046784
4048	0.07994228
4049	0.086609687
4050	0.199422799
4051	0.202046784
4052	0.168253968
4053	0.20981241
4054	0.15994152
4055	0.111111111
4056	0.073099415
4057	0.07994228
4058	0.241520468
4059	0.163532764
4060	0.130994152
4061	0.088888889
4062	0.091520468
4063	0.180994152
4064	0.212573099
4065	0.081481481
4066	0.246783626
4067	0.157309942
4068	0.147474747
4069	0.123099415
4070	0.120467836
4071	0.131890332
4072	0.091520468
4073	0.112573099
4074	0.125071225
4075	0.09033189
4076	0.112573099
4077	0.196783626
4078	0.118903319
4079	0.075730994
4080	0.118903319
4081	0.091737892
4082	0.103318903
4083	0.111111111
4084	0.228362573
4085	0.096783626
4086	0.167836257
4087	0.102046784
4088	0.138888889
4090	0.15994152
4091	0.265204678
4092	0.294152047
4093	0.099430199
4095	0.102046784
4096	0.09033189
4097	0.141520468
4099	0.092929293
4100	0.104678363
4102	0.196783626
4103	0.088888889
4104	0.094152047
4105	0.082539683
4107	0.081481481
4108	0.117836257
4109	0.094152047
4110	0.117836257
4112	0.196783626
4114	0.138888889
4115	0.104678363
4117	0.123099415
4118	0.123099415
4119	0.162573099
4120	0.099415205
4121	0.113271605
4123	0.080994152
4124	0.117378917
4126	0.095526696
4127	0.094152047
4128	0.096783626
4129	0.086609687
4130	0.117378917
4131	0.131890332
4132	0.094152047
4133	0.128362573
4134	0.131890332
4135	0.133625731
4136	0.123099415
4137	0.138888889
4138	0.125730994
4139	0.120467836
4140	0.162573099
4141	0.117836257
4142	0.121500722
4143	0.096783626
4144	0.165204678
4145	0.088888889
4146	0.123099415
4147	0.146783626
4148	0.10994152
4149	0.138888889
4150	0.152046784
4151	0.092929293
4152	0.08625731
4153	0.194152047
4155	0.123099415
4157	0.094152047
4158	0.107309942
4159	0.098124098
4161	0.123099415
4162	0.124098124
4163	0.088888889
4165	0.120467836
4167	0.207309942
4168	0.165656566
4170	0.115204678
4171	0.196783626
4172	0.308513709
4173	0.107309942
4174	0.184045584
4175	0.199422799
4176	0.173448773
4178	0.167836257
4179	0.183625731
4181	0.175730994
4182	0.194152047
4183	0.180994152
4184	0.128362573
4186	0.154678363
4188	0.13625731
4190	0.120467836
4191	0.095526696
4193	0.212573099
4194	0.207309942
4195	0.146783626
4196	0.18625731
4197	0.128362573
4198	0.094301994
4199	0.103318903
4200	0.100721501
4201	0.103318903
4202	0.099415205
4203	0.16046176
4204	0.141520468
4205	0.116305916
4206	0.096783626
4208	0.175730994
4210	0.178362573
4212	0.087734488
4213	0.095526696
4215	0.094301994
4216	0.123099415
4217	0.165204678
4218	0.099415205
4219	0.152046784
4221	0.111111111
4222	0.115204678
4223	0.111111111
4224	0.144877345
4225	0.092929293
4226	0.167836257
4228	0.123099415
4229	0.120467836
4230	0.102046784
4231	0.105916306
4232	0.157309942
4233	0.13968254
4234	0.141520468
4235	0.092929293
4237	0.088888889
4238	0.15007215
4239	0.15994152
4240	0.107309942
4241	0.129292929
4242	0.108513709
4243	0.115204678
4244	0.091520468
4246	0.099415205
4247	0.117836257
4248	0.080994152
4249	0.078362573
4250	0.10994152
4251	0.112573099
4252	0.144877345
4253	0.137085137
4255	0.100721501
4256	0.104678363
4257	0.107309942
4258	0.08625731
4259	0.162573099
4260	0.091520468
4261	0.099415205
4262	0.094152047
4263	0.083625731
4265	0.091520468
4267	0.099415205
4268	0.100721501
4269	0.080994152
4270	0.104678363
4271	0.08625731
4272	0.113708514
4273	0.092929293
4274	0.094152047
4275	0.083625731
4276	0.15994152
4277	0.191520468
4278	0.13625731
4279	0.09033189
4280	0.104678363
4281	0.09033189
4282	0.128362573
4283	0.178362573
4284	0.092929293
4285	0.117836257
4286	0.152046784
4287	0.130994152
4288	0.134487734
4289	0.15994152
4290	0.141520468
4291	0.115204678
4292	0.104558405
4293	0.091520468
4294	0.091520468
4295	0.099415205
4296	0.118903319
4297	0.104678363
4298	0.095526696
4299	0.08625731
4300	0.112573099
4301	0.105916306
4302	0.118903319
4303	0.173448773
4304	0.128362573
4305	0.178362573
4306	0.073789174
4307	0.144877345
4308	0.133625731
4309	0.078362573
4310	0.091520468
4311	0.128362573
4312	0.094152047
4313	0.08625731
4314	0.15994152
4315	0.083625731
4316	0.102046784
4317	0.13625731
4318	0.116305916
4319	0.088888889
4320	0.102046784
4321	0.102046784
4322	0.133625731
4323	0.202046784
4324	0.087734488
4325	0.107309942
4326	0.091520468
4327	0.102046784
4328	0.09033189
4329	0.133625731
4330	0.120467836
4332	0.116305916
4333	0.108513709
4334	0.115204678
4335	0.155266955
4336	0.104678363
4337	0.130994152
4338	0.157309942
4339	0.094152047
4340	0.096783626
4341	0.170851371
4342	0.102046784
4343	0.104678363
4344	0.096783626
4345	0.116305916
4346	0.104678363
4347	0.108513709
4348	0.096783626
4349	0.096783626
4350	0.107309942
4351	0.095526696
4352	0.102046784
4353	0.107309942
4354	0.10994152
4355	0.094152047
4356	0.123099415
4357	0.125730994
4358	0.088888889
4359	0.104678363
4361	0.199422799
4362	0.111111111
4363	0.107309942
4364	0.095526696
4365	0.102046784
4366	0.128362573
4367	0.107309942
4368	0.096783626
4369	0.165204678
4370	0.080994152
4371	0.144877345
4373	0.088888889
4374	0.087734488
4375	0.085137085
4376	0.107309942
4377	0.123099415
4378	0.099415205
4379	0.102046784
4380	0.094152047
4381	0.133625731
4382	0.157309942
4383	0.107309942
4384	0.088888889
4385	0.099415205
4386	0.165656566
4387	0.141520468
4388	0.133625731
4389	0.096783626
4390	0.102046784
4391	0.138888889
4392	0.08625731
4393	0.07994228
4394	0.088888889
4395	0.149415205
4396	0.083625731
4397	0.107309942
4399	0.111111111
4400	0.137085137
4401	0.10994152
4402	0.088888889
4403	0.088888889
4404	0.10994152
4405	0.168253968
4406	0.085137085
4407	0.10994152
4409	0.108513709
4410	0.082539683
4411	0.099415205
4412	0.083625731
4413	0.10994152
4414	0.120467836
4415	0.125730994
4416	0.10994152
4417	0.08625731
4418	0.13968254
4419	0.105916306
4420	0.104678363
4421	0.102046784
4422	0.157309942
4423	0.117836257
4424	0.107309942
4425	0.120467836
4426	0.130994152
4427	0.092929293
4428	0.165204678
4429	0.117836257
4430	0.134487734
4431	0.102046784
4432	0.137085137
4433	0.128362573
4434	0.13968254
4435	0.167836257
4436	0.099415205
4437	0.18625731
4438	0.176046176
4439	0.091520468
4440	0.117836257
4441	0.120467836
4442	0.170467836
4443	0.165204678
4444	0.15994152
4445	0.149415205
4446	0.183625731
4447	0.141520468
4448	0.154678363
4449	0.114814815
4450	0.18625731
4451	0.147474747
4452	0.117836257
4453	0.108513709
4454	0.077344877
4455	0.099415205
4456	0.102046784
4457	0.125730994
4458	0.123099415
4459	0.103318903
4460	0.08625731
4461	0.108513709
4462	0.102046784
4463	0.194152047
4464	0.157309942
4466	0.098124098
4467	0.130994152
4468	0.130994152
4469	0.098124098
4470	0.098124098
4471	0.144152047
4472	0.07994228
4473	0.08625731
4474	0.103318903
4475	0.080994152
4476	0.130994152
4477	0.154678363
4478	0.124098124
4479	0.100721501
4480	0.120467836
4481	0.088888889
4482	0.083625731
4483	0.108513709
4484	0.132763533
4485	0.15994152
4486	0.121500722
4487	0.099415205
4488	0.155266955
4489	0.088888889
4490	0.178362573
4491	0.100721501
4492	0.175730994
4493	0.112573099
4494	0.125071225
4495	0.157309942
4496	0.114814815
4497	0.129292929
4498	0.144152047
4499	0.098124098
4500	0.131890332
4501	0.149415205
4502	0.147474747
4503	0.085137085
4504	0.144152047
4505	0.100721501
4506	0.09033189
4507	0.082539683
4508	0.082539683
4509	0.080994152
4510	0.117836257
4511	0.115204678
4512	0.146783626
4513	0.10994152
4514	0.121500722
4515	0.115204678
4516	0.138888889
