uta	att
4	0.094152047
6	0.100721501
7	0.082539683
8	0.099415205
9	0.105387205
10	0.13625731
11	0.08625731
12	0.104678363
14	0.104678363
15	0.118903319
18	0.094152047
19	0.088888889
20	0.123099415
21	0.15007215
22	0.096783626
23	0.108740741
24	0.133625731
27	0.173448773
28	0.078362573
30	0.113708514
31	0.168253968
32	0.13968254
33	0.083625731
34	0.107309942
35	0.165656566
37	0.116305916
39	0.117836257
40	0.077344877
41	0.104678363
42	0.088888889
43	0.078362573
44	0.088888889
46	0.15007215
47	0.134487734
48	0.102046784
49	0.120467836
51	0.084740741
53	0.125730994
54	0.078362573
55	0.162573099
56	0.083625731
57	0.120467836
58	0.08625731
59	0.091520468
60	0.113708514
61	0.10994152
62	0.10994152
63	0.094152047
64	0.111111111
65	0.085137085
66	0.083625731
67	0.108513709
68	0.113708514
69	0.083625731
70	0.096783626
71	0.104678363
72	0.094152047
73	0.08625731
74	0.10994152
75	0.100721501
76	0.103318903
77	0.092929293
78	0.089173789
80	0.168253968
81	0.080994152
82	0.107309942
83	0.072150072
84	0.092929293
85	0.096783626
86	0.082539683
87	0.092929293
88	0.083625731
89	0.112573099
90	0.096783626
91	0.078917379
92	0.10994152
93	0.101994302
94	0.107309942
95	0.148740741
96	0.134487734
97	0.155266955
98	0.130994152
99	0.15994152
100	0.116305916
101	0.173448773
102	0.107122507
103	0.096783626
104	0.138888889
105	0.094152047
106	0.092929293
107	0.107309942
108	0.091520468
109	0.123099415
110	0.112573099
111	0.117836257
112	0.115204678
113	0.115204678
114	0.165656566
115	0.09033189
116	0.170467836
117	0.115204678
118	0.104678363
119	0.117836257
120	0.078917379
121	0.080994152
122	0.125730994
123	0.08625731
124	0.186435786
125	0.121500722
126	0.120467836
127	0.170851371
128	0.077344877
129	0.124740741
130	0.107309942
132	0.094152047
133	0.116305916
134	0.120467836
136	0.083625731
137	0.07994228
139	0.098124098
140	0.163059163
141	0.141520468
142	0.118903319
143	0.188888889
144	0.13968254
145	0.157716049
146	0.117836257
147	0.098124098
148	0.16046176
149	0.154678363
151	0.146783626
152	0.078362573
154	0.105916306
156	0.114478114
157	0.085137085
158	0.120467836
160	0.182472613
161	0.08625731
163	0.095526696
164	0.104678363
165	0.155840456
166	0.143019943
168	0.104678363
169	0.080994152
170	0.104678363
171	0.102046784
172	0.115204678
173	0.085137085
174	0.099415205
175	0.092929293
176	0.115204678
177	0.088888889
178	0.125730994
179	0.104678363
180	0.08625731
181	0.108513709
182	0.083625731
183	0.144152047
184	0.120467836
185	0.08625731
186	0.112573099
187	0.125730994
188	0.10994152
189	0.103318903
190	0.125730994
191	0.088888889
192	0.104678363
193	0.207215007
195	0.126695527
197	0.077344877
198	0.102046784
200	0.102046784
201	0.088888889
202	0.112573099
203	0.085137085
205	0.083625731
206	0.096783626
208	0.125730994
209	0.07994228
211	0.096783626
212	0.100721501
214	0.123099415
215	0.085137085
216	0.083625731
218	0.08625731
219	0.092740741
221	0.09033189
222	0.091520468
223	0.111111111
224	0.170851371
225	0.095526696
226	0.150712251
227	0.086609687
228	0.104678363
229	0.108513709
231	0.096783626
232	0.125071225
233	0.102046784
234	0.105916306
235	0.07994228
235.1	0.082539683
236	0.163532764
237	0.235327635
238	0.107309942
240	0.080994152
241	0.080994152
242	0.081481481
243	0.126695527
244	0.085137085
245	0.120467836
246	0.07994228
247	0.112573099
248	0.130994152
249	0.099305556
250	0.078362573
251	0.122074074
252	0.112573099
253	0.102046784
254	0.113708514
255	0.088888889
256	0.099430199
256.1	0.096866097
258	0.118903319
259	0.103318903
262	0.088888889
263	0.094301994
264	0.091520468
265	0.074747475
266	0.117378917
267	0.123099415
268	0.102046784
269	0.092929293
270	0.091520468
271	0.078362573
272	0.096783626
273	0.098124098
274	0.078362573
275	0.10994152
276	0.129292929
276.1	0.15007215
277	0.080994152
278	0.092929293
279	0.08625731
280	0.096783626
281	0.102046784
282	0.123099415
283	0.104678363
284	0.096783626
285	0.089173789
286	0.115204678
287	0.096783626
288	0.098124098
289	0.120467836
290	0.112573099
291	0.107309942
292	0.112573099
293	0.088588589
294	0.082539683
295	0.094152047
296	0.07994228
297	0.105916306
298	0.107309942
299	0.088888889
300	0.10994152
301	0.165656566
302	0.081481481
303	0.080994152
304	0.098124098
305	0.134487734
306	0.077344877
307	0.082539683
308	0.152046784
309	0.128362573
310	0.104678363
311	0.08625731
312	0.126695527
313	0.121500722
314	0.13625731
316	0.08625731
318	0.099430199
320	0.091520468
321	0.078362573
323	0.130994152
325	0.09033189
326	0.107309942
327	0.105916306
328	0.112573099
329	0.095526696
330	0.099415205
331	0.123099415
332	0.084045584
333	0.094152047
334	0.107309942
335	0.149415205
336	0.098074074
337	0.102046784
338	0.134487734
339	0.181240981
340	0.131890332
341	0.134487734
342	0.15007215
343	0.115204678
344	0.117836257
345	0.194227994
346	0.180994152
347	0.100721501
348	0.154678363
349	0.11994302
350	0.096783626
351	0.112573099
352	0.087407407
353	0.094152047
354	0.07994228
355	0.120467836
356	0.077344877
357	0.09033189
358	0.103318903
359	0.092929293
360	0.087734488
361	0.083625731
362	0.146783626
363	0.138888889
364	0.131890332
365	0.075730994
367	0.116305916
368	0.102046784
369	0.108513709
370	0.112573099
371	0.082539683
373	0.080994152
374	0.13625731
375	0.099415205
376	0.100721501
377	0.113708514
378	0.129292929
380	0.126695527
381	0.100721501
383	0.107309942
384	0.090576653
385	0.094152047
386	0.098124098
387	0.147474747
389	0.083625731
390	0.098124098
391	0.096783626
392	0.083625731
393	0.141520468
394	0.128362573
395	0.124098124
396	0.13968254
397	0.133625731
398	0.101994302
399	0.07994228
400	0.196866097
401	0.107309942
402	0.212409812
403	0.082539683
404	0.083625731
405	0.089173789
406	0.120467836
407	0.147474747
408	0.088888889
409	0.123099415
410	0.155840456
411	0.094152047
412	0.080994152
413	0.112250712
414	0.104678363
415	0.122507123
416	0.096783626
417	0.075730994
418	0.112573099
419	0.123099415
421	0.138888889
422	0.087734488
424	0.170851371
425	0.131890332
426	0.094152047
427	0.144877345
428	0.100721501
429	0.080994152
430	0.078362573
432	0.165204678
433	0.095526696
434	0.092929293
435	0.107309942
436	0.147474747
437	0.113708514
438	0.16046176
439	0.104678363
440	0.13625731
441	0.122507123
442	0.099415205
444	0.116305916
445	0.112573099
446	0.137085137
447	0.165656566
448	0.15007215
449	0.104678363
450	0.115204678
451	0.120467836
452	0.107309942
453	0.107309942
454	0.091520468
455	0.112573099
456	0.091520468
457	0.094152047
458	0.103318903
459	0.086609687
461	0.144877345
462	0.094152047
463	0.142279942
464	0.082539683
465	0.130994152
467	0.074747475
468	0.07994228
469	0.091520468
470	0.124098124
471	0.096783626
472	0.112573099
473	0.096783626
474	0.089173789
476	0.09033189
477	0.092929293
479	0.142279942
480	0.122507123
482	0.143019943
483	0.088888889
484	0.152046784
486	0.152669553
487	0.098124098
488	0.075730994
489	0.125730994
490	0.105916306
491	0.09033189
492	0.134487734
493	0.07994228
494	0.126695527
495	0.077344877
496	0.116305916
497	0.215204678
498	0.175730994
499	0.084045584
500	0.091520468
501	0.099415205
502	0.095526696
503	0.107122507
504	0.118903319
505	0.121500722
506	0.131890332
507	0.117836257
508	0.121500722
510	0.080994152
511	0.078362573
512	0.157864358
513	0.07994228
514	0.118903319
515	0.154678363
516	0.085137085
517	0.176353276
518	0.088888889
519	0.095526696
520	0.096783626
521	0.096783626
522	0.127635328
523	0.183838384
524	0.107309942
525	0.085137085
526	0.08625731
527	0.232348805
528	0.09033189
530	0.094152047
531	0.094301994
532	0.080994152
533	0.170467836
535	0.07994228
536	0.095526696
537	0.128362573
538	0.178643579
539	0.232763533
540	0.105916306
541	0.207215007
542	0.133625731
544	0.074747475
545	0.115204678
547	0.102046784
548	0.087407407
549	0.100721501
550	0.117378917
551	0.078362573
552	0.141520468
553	0.094152047
554	0.112573099
555	0.117836257
556	0.099415205
557	0.10994152
558	0.111111111
559	0.142279942
560	0.099415205
561	0.120467836
562	0.133625731
563	0.111111111
564	0.173099415
565	0.168253968
566	0.094152047
567	0.087407407
568	0.091520468
569	0.168253968
570	0.080994152
571	0.09033189
572	0.099415205
573	0.121500722
574	0.111111111
575	0.112573099
576	0.107309942
577	0.173099415
578	0.167836257
579	0.102046784
580	0.08625731
581	0.118903319
582	0.155266955
583	0.188888889
584	0.085137085
585	0.115893108
586	0.09033189
587	0.102046784
588	0.094152047
589	0.154678363
590	0.099415205
591	0.15994152
592	0.105916306
593	0.096783626
594	0.091520468
595	0.170851371
596	0.107309942
597	0.152046784
598	0.133625731
599	0.120467836
600	0.111111111
601	0.137085137
602	0.146783626
603	0.115204678
604	0.129292929
605	0.138888889
606	0.131890332
607	0.142279942
608	0.144877345
609	0.152669553
610	0.121500722
611	0.137891738
612	0.103318903
613	0.15994152
614	0.124098124
615	0.121500722
616	0.130994152
617	0.102046784
618	0.112573099
620	0.113708514
621	0.092929293
622	0.091520468
623	0.100721501
624	0.132763533
625	0.091520468
626	0.152046784
627	0.107122507
628	0.13968254
629	0.107309942
630	0.194152047
631	0.107309942
632	0.122507123
633	0.091520468
634	0.130994152
635	0.126695527
636	0.099415205
637	0.152046784
638	0.141520468
639	0.117836257
640	0.078362573
641	0.171225071
642	0.08625731
643	0.118903319
644	0.118903319
645	0.091520468
646	0.107309942
647	0.189033189
648	0.104678363
649	0.131890332
650	0.083625731
651	0.104678363
652	0.137085137
653	0.120467836
654	0.16046176
655	0.159365079
656	0.227994228
657	0.165656566
658	0.120467836
659	0.163994374
660	0.166096866
661	0.131890332
662	0.099415205
663	0.080994152
664	0.165204678
665	0.07994228
666	0.108513709
667	0.11994302
668	0.085137085
669	0.13019943
670	0.080994152
671	0.113708514
672	0.091520468
673	0.199422799
674	0.282981716
675	0.098124098
676	0.165204678
677	0.107309942
678	0.105916306
679	0.13019943
680	0.141520468
681	0.18625731
682	0.137085137
683	0.178362573
684	0.199437412
685	0.152046784
686	0.107309942
687	0.107309942
688	0.138888889
689	0.13625731
690	0.115204678
691	0.13968254
692	0.116305916
693	0.096783626
694	0.099415205
695	0.131890332
696	0.133625731
697	0.102046784
698	0.107309942
699	0.170851371
700	0.094152047
701	0.137085137
702	0.098124098
703	0.112573099
704	0.138888889
705	0.104678363
706	0.08625731
707	0.115204678
708	0.124098124
709	0.083625731
710	0.149415205
711	0.098171589
712	0.103318903
713	0.146783626
714	0.134487734
715	0.091520468
716	0.141520468
717	0.147474747
718	0.115204678
719	0.120467836
720	0.09033189
721	0.096783626
722	0.095526696
724	0.091520468
725	0.107122507
726	0.085513361
727	0.191630592
728	0.108513709
729	0.152046784
730	0.18625731
731	0.115204678
732	0.146783626
733	0.196783626
734	0.117836257
735	0.102046784
736	0.118903319
737	0.181240981
738	0.126695527
739	0.142279942
740	0.175730994
741	0.07994228
742	0.154678363
743	0.102046784
744	0.168253968
745	0.115204678
746	0.163059163
747	0.13968254
748	0.163059163
749	0.13968254
750	0.107309942
751	0.094152047
752	0.108513709
753	0.112573099
754	0.092929293
755	0.104678363
756	0.10994152
757	0.094301994
758	0.078362573
759	0.100721501
760	0.080994152
761	0.129292929
762	0.163059163
763	0.217836257
764	0.196783626
765	0.099415205
766	0.10994152
767	0.104678363
768	0.092929293
769	0.121500722
770	0.114814815
771	0.154678363
772	0.125071225
773	0.146783626
774	0.191520468
775	0.117836257
776	0.144877345
777	0.099415205
778	0.125730994
779	0.091520468
780	0.116305916
781	0.115204678
782	0.102046784
783	0.121500722
784	0.152669553
785	0.113361463
786	0.088888889
787	0.094152047
788	0.132763533
789	0.115204678
790	0.163532764
791	0.125071225
792	0.105916306
793	0.125730994
795	0.076353276
796	0.094152047
797	0.133625731
798	0.083625731
799	0.08625731
801	0.096783626
803	0.133625731
805	0.125730994
806	0.096783626
807	0.144152047
808	0.152046784
809	0.113708514
810	0.113708514
811	0.196825397
812	0.204617605
814	0.133625731
815	0.104678363
816	0.102046784
817	0.083625731
818	0.096783626
819	0.118903319
820	0.107309942
821	0.133625731
822	0.073099415
823	0.091520468
824	0.080994152
825	0.091520468
826	0.088888889
827	0.091520468
828	0.115204678
829	0.07994228
830	0.157309942
831	0.088888889
832	0.124098124
833	0.102046784
834	0.08625731
835	0.10994152
836	0.121500722
837	0.083625731
838	0.088888889
839	0.096783626
840	0.091520468
841	0.075730994
842	0.088888889
843	0.10994152
844	0.096783626
845	0.102046784
846	0.080994152
847	0.154678363
848	0.107309942
849	0.10994152
850	0.113708514
851	0.104678363
852	0.126695527
853	0.194227994
854	0.11994302
855	0.088888889
856	0.083625731
857	0.125730994
858	0.130994152
859	0.099415205
860	0.133625731
861	0.083625731
862	0.128362573
863	0.126695527
864	0.080994152
865	0.075730994
866	0.08625731
867	0.083625731
868	0.08625731
869	0.141520468
870	0.080994152
871	0.117836257
872	0.141520468
873	0.123099415
874	0.112573099
875	0.129292929
876	0.096783626
877	0.112573099
878	0.199422799
879	0.125730994
880	0.10994152
881	0.08625731
882	0.104678363
883	0.124098124
884	0.128362573
885	0.10994152
887	0.112573099
888	0.112573099
889	0.176353276
890	0.116305916
891	0.138888889
893	0.134487734
895	0.117836257
896	0.133625731
898	0.096783626
899	0.108513709
900	0.13625731
901	0.107309942
902	0.104678363
903	0.121500722
905	0.099415205
906	0.10994152
908	0.099415205
909	0.09033189
910	0.09033189
911	0.138888889
912	0.094152047
914	0.07994228
915	0.102046784
916	0.091520468
918	0.091520468
919	0.087734488
921	0.144152047
922	0.165656566
924	0.104678363
925	0.077344877
927	0.108513709
929	0.117836257
930	0.077344877
932	0.08625731
934	0.094301994
936	0.094152047
937	0.120467836
939	0.094152047
940	0.09033189
941	0.102046784
943	0.121500722
944	0.088888889
945	0.096783626
947	0.104558405
949	0.142279942
950	0.132763533
951	0.080994152
952	0.117836257
953	0.099415205
954	0.131890332
955	0.125730994
956	0.134487734
957	0.075730994
958	0.083625731
959	0.123099415
960	0.133625731
961	0.112573099
962	0.09033189
964	0.085137085
965	0.085137085
966	0.096783626
967	0.077344877
968	0.107309942
969	0.099415205
970	0.099382716
972	0.158404558
974	0.165656566
975	0.09033189
976	0.120467836
977	0.141520468
978	0.142279942
979	0.104558405
980	0.080994152
981	0.083625731
982	0.078362573
983	0.091520468
984	0.078362573
985	0.104678363
986	0.091520468
987	0.098124098
988	0.147474747
989	0.112573099
990	0.120467836
991	0.144152047
992	0.115204678
993	0.092929293
994	0.120467836
995	0.112573099
996	0.15007215
997	0.10994152
998	0.096783626
999	0.101994302
1000	0.087734488
1001	0.08625731
1002	0.09033189
1003	0.094152047
1004	0.080994152
1006	0.102046784
1007	0.222507123
1008	0.091520468
1009	0.08625731
1010	0.13968254
1011	0.176046176
1012	0.08625731
1013	0.08625731
1014	0.08625731
1015	0.07994228
1016	0.088888889
1017	0.099415205
1023	0.126695527
1024	0.078362573
1025	0.112573099
1026	0.141209564
1027	0.138888889
1028	0.117836257
1029	0.094152047
1030	0.083625731
1031	0.134487734
1032	0.078362573
1033	0.07994228
1034	0.23019943
1035	0.126695527
1036	0.08625731
1037	0.080994152
1038	0.098124098
1039	0.120467836
1040	0.088888889
1041	0.112573099
1042	0.104678363
1043	0.126695527
1044	0.104678363
1045	0.144152047
1046	0.107309942
1048	0.098124098
1049	0.138888889
1051	0.091520468
1052	0.08625731
1054	0.144152047
1055	0.099415205
1056	0.118903319
1057	0.088888889
1058	0.099415205
1060	0.144152047
1061	0.117836257
1063	0.102046784
1064	0.10994152
1066	0.075730994
1067	0.088888889
1068	0.082539683
1069	0.091520468
1070	0.100721501
1071	0.080994152
1072	0.126695527
1073	0.104678363
1074	0.116305916
1075	0.075730994
1076	0.117836257
1077	0.085137085
1078	0.103318903
1079	0.083625731
1080	0.102046784
1081	0.07994228
1082	0.091520468
1083	0.108513709
1084	0.096783626
1085	0.085137085
1086	0.117836257
1087	0.085137085
1088	0.073099415
1089	0.085137085
1090	0.091520468
1091	0.10994152
1092	0.099415205
1093	0.108740741
1094	0.092740741
1095	0.10994152
1096	0.141520468
1097	0.171225071
1098	0.174120956
1099	0.112573099
1100	0.120467836
1101	0.085137085
1102	0.096783626
1103	0.103318903
1104	0.098124098
1105	0.137085137
1106	0.088888889
1107	0.123099415
1108	0.10994152
1109	0.088888889
1110	0.102046784
1111	0.121500722
1112	0.094152047
1113	0.135327635
1114	0.099415205
1115	0.18625731
1116	0.073099415
1117	0.130994152
1118	0.212573099
1119	0.117836257
1120	0.123099415
1121	0.107309942
1122	0.075730994
1123	0.102046784
1124	0.096783626
1125	0.078362573
1126	0.099415205
1127	0.125071225
1128	0.09033189
1129	0.154678363
1130	0.099415205
1131	0.130994152
1132	0.153276353
1133	0.112573099
1134	0.149415205
1135	0.144152047
1136	0.094152047
1137	0.144152047
1138	0.116305916
1139	0.115204678
1140	0.099415205
1141	0.08625731
1142	0.175730994
1143	0.07994228
1144	0.078362573
1145	0.118903319
1146	0.115204678
1147	0.135327635
1148	0.117836257
1149	0.189173789
1150	0.091520468
1151	0.094152047
1152	0.077344877
1153	0.096783626
1154	0.102046784
1155	0.089173789
1156	0.099415205
1157	0.092929293
1158	0.078362573
1159	0.094152047
1160	0.115204678
1161	0.096783626
1162	0.083625731
1163	0.085137085
1164	0.100721501
1165	0.080994152
1166	0.194152047
1167	0.123099415
1168	0.084045584
1169	0.126695527
1170	0.088888889
1171	0.074747475
1172	0.078362573
1173	0.215007215
1174	0.078362573
1175	0.098124098
1176	0.108513709
1177	0.07994228
1178	0.073099415
1179	0.107309942
1180	0.094152047
1181	0.094152047
1182	0.099415205
1183	0.128362573
1184	0.080994152
1185	0.083625731
1186	0.115204678
1187	0.118903319
1188	0.108513709
1189	0.088888889
1190	0.083625731
1191	0.08045007
1192	0.091520468
1193	0.128362573
1194	0.102046784
1195	0.083625731
1196	0.102046784
1197	0.171225071
1198	0.094152047
1199	0.073099415
1200	0.085137085
1201	0.092929293
1202	0.116305916
1203	0.07994228
1204	0.126695527
1205	0.078362573
1206	0.123099415
1207	0.104678363
1208	0.107309942
1209	0.130994152
1210	0.102046784
1211	0.155266955
1212	0.077344877
1213	0.168253968
1214	0.107309942
1215	0.144877345
1216	0.083625731
1217	0.107309942
1218	0.11994302
1219	0.073789174
1220	0.102046784
1221	0.092929293
1222	0.126695527
1223	0.094152047
1224	0.073099415
1225	0.107309942
1226	0.104678363
1227	0.075730994
1228	0.08625731
1229	0.072150072
1230	0.133625731
1231	0.078362573
1232	0.103318903
1233	0.087734488
1234	0.099415205
1235	0.104678363
1236	0.085137085
1237	0.083625731
1238	0.116305916
1239	0.095526696
1240	0.13968254
1241	0.075730994
1242	0.080994152
1243	0.094152047
1244	0.074747475
1245	0.10968661
1246	0.078917379
1247	0.078362573
1248	0.112573099
1249	0.104678363
1250	0.120467836
1251	0.091520468
1252	0.138888889
1253	0.104678363
1254	0.126695527
1255	0.118903319
1256	0.137085137
1257	0.129292929
1258	0.212250712
1259	0.10994152
1260	0.100721501
1261	0.120467836
1262	0.088888889
1263	0.088888889
1264	0.145584046
1265	0.117836257
1266	0.102046784
1268	0.155266955
1269	0.141520468
1270	0.112573099
1271	0.100721501
1296	0.104678363
1297	0.146783626
1298	0.178362573
1299	0.138888889
1300	0.157309942
1301	0.080994152
1302	0.07994228
1303	0.124098124
1304	0.10994152
1305	0.104558405
1306	0.102046784
1307	0.20968661
1308	0.118903319
1309	0.150712251
1310	0.088888889
1311	0.165656566
1312	0.141520468
1313	0.102046784
1314	0.113708514
1315	0.094152047
1316	0.137085137
1317	0.102046784
1318	0.087734488
1319	0.096783626
1320	0.098124098
1321	0.125730994
1322	0.173448773
1323	0.080994152
1324	0.207122507
1325	0.117836257
1326	0.088888889
1327	0.080994152
1328	0.18625731
1329	0.138888889
1330	0.120467836
1331	0.125730994
1332	0.091520468
1333	0.094152047
1334	0.104678363
1335	0.113708514
1336	0.130994152
1337	0.099415205
1338	0.146783626
1339	0.178362573
1340	0.103318903
1341	0.102046784
1342	0.117836257
1343	0.13625731
1344	0.102046784
1345	0.108513709
1346	0.091520468
1347	0.120467836
1348	0.103318903
1349	0.105916306
1350	0.147474747
1351	0.162573099
1352	0.10994152
1353	0.130994152
1354	0.128362573
1355	0.133625731
1356	0.123099415
1357	0.16046176
1358	0.149415205
1359	0.091520468
1360	0.138888889
1361	0.125730994
1362	0.124098124
1363	0.130994152
1364	0.077344877
1365	0.112573099
1366	0.125730994
1367	0.117836257
1368	0.116305916
1369	0.08625731
1370	0.15994152
1371	0.099415205
1372	0.10994152
1373	0.095526696
1374	0.088888889
1375	0.098124098
1376	0.143407407
1377	0.150712251
1378	0.128362573
1379	0.13968254
1380	0.105916306
1381	0.102046784
1382	0.134487734
1383	0.118903319
1384	0.181240981
1385	0.10968661
1386	0.117836257
1387	0.094152047
1388	0.15994152
1389	0.108513709
1390	0.108513709
1391	0.112573099
1392	0.083625731
1393	0.103318903
1394	0.082539683
1395	0.117836257
1396	0.096783626
1397	0.108513709
1398	0.107309942
1399	0.120467836
1400	0.128362573
1401	0.098124098
1402	0.115204678
1404	0.078362573
1405	0.108513709
1406	0.092929293
1407	0.09033189
1408	0.196825397
1409	0.123099415
1410	0.130994152
1411	0.113708514
1412	0.099415205
1413	0.123099415
1414	0.091520468
1415	0.091520468
1416	0.088888889
1417	0.087734488
1418	0.103318903
1419	0.094152047
1420	0.102046784
1421	0.088888889
1422	0.078362573
1423	0.083625731
1424	0.125730994
1425	0.133625731
1426	0.111111111
1427	0.096783626
1430	0.096783626
1431	0.080994152
1432	0.091520468
1433	0.094152047
1434	0.096783626
1435	0.091520468
1436	0.113708514
1437	0.083625731
1438	0.095526696
1439	0.105916306
1440	0.087734488
1441	0.080994152
1442	0.125730994
1443	0.077344877
1444	0.092929293
1445	0.099415205
1446	0.112573099
1447	0.099415205
1448	0.075730994
1449	0.094152047
1450	0.144877345
1451	0.077344877
1452	0.120467836
1454	0.074747475
1455	0.08625731
1456	0.120467836
1457	0.13625731
1458	0.094152047
1459	0.118903319
1460	0.088888889
1461	0.107309942
1462	0.10994152
1463	0.091520468
1464	0.099415205
1465	0.083625731
1466	0.083625731
1467	0.088888889
1468	0.115204678
1469	0.07994228
1470	0.102046784
1471	0.096783626
1472	0.104678363
1473	0.082539683
1474	0.102046784
1475	0.112573099
1476	0.108513709
1477	0.078362573
1478	0.083625731
1479	0.107309942
1480	0.09033189
1481	0.118903319
1482	0.15994152
1483	0.083625731
1484	0.115204678
1485	0.115204678
1486	0.099415205
1487	0.099415205
1488	0.094152047
1489	0.073099415
1490	0.096783626
1491	0.078362573
1492	0.086609687
1493	0.088888889
1494	0.104678363
1495	0.096783626
1496	0.091520468
1497	0.083625731
1498	0.133625731
1499	0.133625731
1500	0.10994152
1501	0.121500722
1502	0.082074074
1503	0.155266955
1504	0.075730994
1505	0.095526696
1506	0.125730994
1508	0.07994228
1509	0.094152047
1510	0.186609687
1511	0.075730994
1512	0.075730994
1513	0.094301994
1514	0.074747475
1515	0.133625731
1516	0.091520468
1517	0.087407407
1518	0.088888889
1519	0.083625731
1521	0.144152047
1522	0.094152047
1523	0.096783626
1524	0.088888889
1525	0.10968661
1526	0.120467836
1527	0.083625731
1528	0.075730994
1529	0.07994228
1530	0.133625731
1531	0.130994152
1532	0.096783626
1533	0.082539683
1534	0.08625731
1535	0.083625731
1536	0.111111111
1537	0.078362573
1539	0.078362573
1540	0.07994228
1541	0.088888889
1542	0.108513709
1543	0.112250712
1544	0.10994152
1545	0.115204678
1546	0.118903319
1548	0.124098124
1550	0.08625731
1551	0.08625731
1552	0.096783626
1553	0.085137085
1554	0.083625731
1555	0.082539683
1556	0.085137085
1557	0.080994152
1558	0.125730994
1559	0.08625731
1560	0.100761035
1561	0.099415205
1562	0.111111111
1563	0.104678363
1564	0.087734488
1565	0.099415205
1566	0.083625731
1567	0.09033189
1568	0.094152047
1569	0.107309942
1570	0.094152047
1571	0.080994152
1572	0.08625731
1573	0.074747475
1574	0.103318903
1575	0.077344877
1576	0.095526696
1577	0.099415205
1578	0.075730994
1579	0.103318903
1580	0.08625731
1581	0.08625731
1582	0.105916306
1583	0.075730994
1584	0.108513709
1585	0.080994152
1586	0.077344877
1587	0.073099415
1588	0.107309942
1589	0.125730994
1590	0.091520468
1591	0.077344877
1592	0.089173789
1593	0.088888889
1594	0.07994228
1595	0.147474747
1596	0.113708514
1597	0.072150072
1598	0.078362573
1599	0.087734488
1600	0.078362573
1601	0.087734488
1602	0.120467836
1603	0.096783626
1604	0.075730994
1605	0.094152047
1606	0.080994152
1607	0.133625731
1608	0.077344877
1609	0.10994152
1611	0.115204678
1612	0.134487734
1613	0.078362573
1614	0.096783626
1615	0.098124098
1616	0.107309942
1617	0.091520468
1618	0.083625731
1619	0.108513709
1620	0.105916306
1621	0.09033189
1622	0.08625731
1623	0.112573099
1624	0.080994152
1625	0.09033189
1626	0.099415205
1627	0.083625731
1628	0.091520468
1630	0.091520468
1631	0.08625731
1632	0.07994228
1633	0.112573099
1634	0.08625731
1635	0.089173789
1636	0.095526696
1637	0.104678363
1638	0.098124098
1639	0.083625731
1640	0.094152047
1641	0.083625731
1642	0.091520468
1643	0.091520468
1644	0.107309942
1645	0.078362573
1646	0.080994152
1647	0.088888889
1648	0.125730994
1649	0.080994152
1650	0.080994152
1651	0.091520468
1652	0.099415205
1653	0.152669553
1654	0.123099415
1655	0.149415205
1656	0.121500722
1657	0.088888889
1658	0.082539683
1659	0.076353276
1660	0.088888889
1661	0.096783626
1662	0.111111111
1663	0.107309942
1664	0.078362573
1665	0.091520468
1666	0.117836257
1667	0.096783626
1668	0.103318903
1669	0.07994228
1670	0.104678363
1671	0.083625731
1672	0.092929293
1673	0.120467836
1674	0.091520468
1675	0.099415205
1676	0.083625731
1677	0.138888889
1678	0.089173789
1679	0.129292929
1680	0.094152047
1681	0.073099415
1682	0.10994152
1683	0.099415205
1684	0.082539683
1685	0.073099415
1686	0.088888889
1687	0.091520468
1688	0.167836257
1689	0.108513709
1690	0.113708514
1691	0.083625731
1692	0.121500722
1693	0.120467836
1694	0.112573099
1695	0.092929293
1696	0.105916306
1697	0.144877345
1698	0.170467836
1699	0.10994152
1700	0.07994228
1701	0.078362573
1702	0.095526696
1703	0.078362573
1704	0.102046784
1705	0.115204678
1706	0.094152047
1707	0.091520468
1708	0.080994152
1709	0.123099415
1710	0.08625731
1711	0.09033189
1712	0.083625731
1713	0.087734488
1714	0.096783626
1715	0.080994152
1716	0.104678363
1717	0.104678363
1718	0.102046784
1719	0.075730994
1720	0.099415205
1721	0.087734488
1722	0.09033189
1723	0.091520468
1724	0.133625731
1725	0.137085137
1726	0.120467836
1727	0.141520468
1728	0.107309942
1729	0.095526696
1730	0.099415205
1731	0.144877345
1732	0.075730994
1733	0.102046784
1734	0.083625731
1735	0.082539683
1736	0.082539683
1737	0.091520468
1739	0.121500722
1741	0.112573099
1743	0.098124098
1745	0.112573099
1746	0.117836257
1748	0.083625731
1750	0.085137085
1752	0.09033189
1754	0.133625731
1756	0.096783626
1758	0.091520468
1760	0.146074074
1762	0.141520468
1763	0.088888889
1765	0.088888889
1766	0.101994302
1767	0.080994152
1768	0.144877345
1769	0.115204678
1770	0.138074074
1771	0.087734488
1772	0.088888889
1773	0.130994152
1774	0.16046176
1775	0.08625731
1776	0.088888889
1777	0.114814815
1778	0.103318903
1779	0.112573099
1781	0.096783626
1782	0.183625731
1783	0.155266955
1784	0.096783626
1786	0.115204678
1788	0.098124098
1789	0.194227994
1791	0.10994152
1793	0.175730994
1794	0.128362573
1795	0.112573099
1796	0.104678363
1797	0.137085137
1798	0.104678363
1799	0.080994152
1802	0.123099415
1803	0.128362573
1805	0.13625731
1806	0.085137085
1808	0.077344877
1810	0.088888889
1811	0.121500722
1812	0.075730994
1813	0.116305916
1814	0.138888889
1815	0.083625731
1816	0.10994152
1817	0.082716049
1818	0.094152047
1819	0.075730994
1820	0.092929293
1821	0.080994152
1822	0.083625731
1823	0.094152047
1824	0.088888889
1825	0.099415205
1826	0.120467836
1827	0.098124098
1828	0.08625731
1829	0.075730994
1830	0.098124098
1831	0.075730994
1832	0.08625731
1833	0.082539683
1834	0.091520468
1835	0.157309942
1836	0.096783626
1837	0.08625731
1838	0.123488045
1839	0.094152047
1840	0.123099415
1841	0.08625731
1842	0.085137085
1843	0.123099415
1844	0.073099415
1845	0.091520468
1846	0.099415205
1847	0.08625731
1848	0.080994152
1849	0.104678363
1850	0.091520468
1851	0.080994152
1852	0.105916306
1853	0.08625731
1854	0.091520468
1855	0.128362573
1856	0.099415205
1857	0.15994152
1858	0.107309942
1859	0.083625731
1860	0.083625731
1861	0.08625731
1862	0.078362573
1863	0.13968254
1864	0.083625731
1865	0.083625731
1866	0.123099415
1867	0.102046784
1868	0.084045584
1869	0.091520468
1870	0.080994152
1871	0.083625731
1872	0.080994152
1873	0.078362573
1874	0.088888889
1875	0.094152047
1876	0.125730994
1877	0.102046784
1878	0.103318903
1879	0.078362573
1880	0.120467836
1881	0.10994152
1882	0.100721501
1883	0.157864358
1884	0.123099415
1885	0.154678363
1886	0.085137085
1889	0.107309942
1890	0.112573099
1891	0.099415205
1892	0.152046784
1893	0.107309942
1894	0.108513709
1895	0.103318903
1896	0.102046784
1897	0.134487734
1898	0.10994152
1899	0.094152047
1900	0.083625731
1901	0.085137085
1902	0.091520468
1903	0.080994152
1904	0.092929293
1905	0.138888889
1906	0.152046784
1907	0.108513709
1908	0.087734488
1909	0.080994152
1910	0.146783626
1911	0.094152047
1912	0.100721501
1913	0.080994152
1914	0.078362573
1915	0.091520468
1916	0.138888889
1917	0.149415205
1918	0.083625731
1919	0.104678363
1920	0.094152047
1921	0.078362573
1922	0.08625731
1923	0.078362573
1924	0.104678363
1925	0.08625731
1926	0.13625731
1927	0.134487734
1928	0.138888889
1929	0.152046784
1930	0.088888889
1931	0.098124098
1932	0.125730994
1933	0.117836257
1934	0.105916306
1935	0.091520468
1936	0.087734488
1938	0.096783626
1939	0.096783626
1940	0.075730994
1941	0.074747475
1942	0.078362573
1943	0.117836257
1944	0.075730994
1945	0.075730994
1946	0.078362573
1947	0.107309942
1948	0.099415205
1949	0.104678363
1950	0.075730994
1951	0.091520468
1952	0.092740741
1953	0.082539683
1954	0.085137085
1955	0.104678363
1956	0.121500722
1957	0.089173789
1958	0.078362573
1959	0.091520468
1960	0.08625731
1961	0.112573099
1962	0.102046784
1963	0.080994152
1964	0.09033189
1965	0.115204678
1966	0.082539683
1967	0.087734488
1968	0.120467836
1969	0.078362573
1970	0.073099415
1971	0.092929293
1972	0.073099415
1973	0.120467836
1974	0.10994152
1975	0.095526696
1976	0.075730994
1977	0.080994152
1978	0.078362573
1979	0.107309942
1980	0.08625731
1981	0.107309942
1982	0.115204678
1983	0.207309942
1984	0.157309942
1985	0.166096866
1986	0.094152047
1987	0.111111111
1988	0.120467836
1989	0.146783626
1990	0.152046784
1991	0.10994152
1992	0.094152047
1993	0.108513709
1994	0.104678363
1995	0.131890332
1996	0.133625731
1997	0.083625731
1998	0.120467836
1999	0.112573099
2000	0.096783626
2001	0.099415205
2002	0.126695527
2003	0.096783626
2004	0.098124098
2005	0.131890332
2006	0.117836257
2007	0.103318903
2008	0.102046784
2009	0.112573099
2010	0.123099415
2011	0.137085137
2012	0.125730994
2013	0.083625731
2014	0.102046784
2015	0.07994228
2016	0.085137085
2017	0.107309942
2018	0.102046784
2019	0.13625731
2020	0.10968661
2021	0.103318903
2022	0.096783626
2023	0.092929293
2024	0.131890332
2025	0.124098124
2026	0.096783626
2027	0.083625731
2028	0.113708514
2029	0.078917379
2030	0.082539683
2031	0.143407407
2032	0.133625731
2033	0.092592593
2034	0.115204678
2035	0.116305916
2036	0.166096866
2037	0.099415205
2038	0.080994152
2039	0.086609687
2040	0.083625731
2041	0.08625731
2042	0.088888889
2043	0.104678363
2044	0.072150072
2045	0.080994152
2046	0.078362573
2047	0.074747475
2048	0.094152047
2049	0.09033189
2050	0.115204678
2051	0.096783626
2052	0.091520468
2053	0.08625731
2054	0.078362573
2055	0.099415205
2056	0.126695527
2057	0.091520468
2058	0.103318903
2059	0.099415205
2060	0.113708514
2061	0.080994152
2062	0.100721501
2063	0.088888889
2064	0.18625731
2065	0.111111111
2066	0.114074074
2067	0.082539683
2068	0.075730994
2069	0.104678363
2070	0.074747475
2071	0.075730994
2072	0.103318903
2073	0.102046784
2074	0.120467836
2075	0.092929293
2076	0.094152047
2077	0.111111111
2078	0.128362573
2079	0.120467836
2080	0.115204678
2081	0.104678363
2082	0.094152047
2083	0.120467836
2084	0.120467836
2085	0.099415205
2086	0.092929293
2087	0.115204678
2088	0.14045584
2090	0.15994152
2091	0.085137085
2093	0.091520468
2094	0.082539683
2095	0.094152047
2096	0.096783626
2097	0.087734488
2098	0.094152047
2099	0.091520468
2100	0.07994228
2101	0.121500722
2102	0.083625731
2103	0.088888889
2104	0.16046176
2105	0.096783626
2106	0.094152047
2107	0.10994152
2108	0.07994228
2109	0.100721501
2110	0.207215007
2111	0.07994228
2112	0.105916306
2113	0.102160494
2114	0.128362573
2115	0.080994152
2116	0.08625731
2117	0.085137085
2118	0.07994228
2119	0.08625731
2120	0.157864358
2121	0.083625731
2122	0.118903319
2123	0.09033189
2124	0.080994152
2125	0.104678363
2126	0.107309942
2127	0.102046784
2128	0.078362573
2129	0.104678363
2130	0.07994228
2131	0.088888889
2132	0.102046784
2133	0.075730994
2134	0.083625731
2135	0.130074074
2136	0.073099415
2137	0.099415205
2138	0.08625731
2139	0.088888889
2140	0.165204678
2141	0.091520468
2142	0.107309942
2143	0.083625731
2144	0.094152047
2145	0.098124098
2146	0.083625731
2147	0.09033189
2148	0.08625731
2149	0.094152047
2150	0.083625731
2151	0.114814815
2152	0.088888889
2153	0.083625731
2154	0.102046784
2155	0.073099415
2156	0.102046784
2157	0.10994152
2158	0.083625731
2159	0.085137085
2160	0.107309942
2161	0.094152047
2162	0.105916306
2163	0.078362573
2164	0.102046784
2165	0.104678363
2166	0.077344877
2167	0.088888889
2168	0.075730994
2169	0.098124098
2170	0.100721501
2171	0.130994152
2172	0.083625731
2173	0.09033189
2174	0.092929293
2175	0.08625731
2176	0.087734488
2177	0.094152047
2178	0.08625731
2179	0.08625731
2180	0.083625731
2181	0.073099415
2182	0.096783626
2183	0.094152047
2184	0.10994152
2185	0.080994152
2186	0.078362573
2187	0.080994152
2188	0.096783626
2189	0.080994152
2190	0.073099415
2191	0.074747475
2192	0.08625731
2193	0.094152047
2194	0.08625731
2195	0.088888889
2196	0.085137085
2197	0.080994152
2198	0.074747475
2199	0.096783626
2200	0.091520468
2201	0.092929293
2202	0.096783626
2203	0.091520468
2204	0.087734488
2205	0.08625731
2206	0.083625731
2207	0.078362573
2208	0.083625731
2209	0.080994152
2210	0.088888889
2211	0.13625731
2212	0.073099415
2213	0.08625731
2214	0.078362573
2215	0.083625731
2216	0.125730994
2217	0.085137085
2218	0.112573099
2219	0.157309942
2220	0.112573099
2221	0.09033189
2222	0.09033189
2223	0.100721501
2224	0.075730994
2225	0.078362573
2226	0.125730994
2227	0.104678363
2228	0.08625731
2229	0.086609687
2230	0.092929293
2231	0.073099415
2232	0.087734488
2233	0.088888889
2234	0.120467836
2235	0.104678363
2236	0.095526696
2237	0.115204678
2238	0.104678363
2239	0.08625731
2240	0.144152047
2241	0.088888889
2242	0.112573099
2243	0.13625731
2244	0.111111111
2245	0.094152047
2246	0.098124098
2247	0.10994152
2248	0.096783626
2249	0.147474747
2250	0.088888889
2251	0.102046784
2252	0.102046784
2253	0.08625731
2254	0.07994228
2255	0.126695527
2256	0.077344877
2257	0.120467836
2258	0.103318903
2259	0.10994152
2260	0.100721501
2261	0.125730994
2262	0.111111111
2263	0.094301994
2264	0.16046176
2265	0.125730994
2266	0.125071225
2267	0.128362573
2268	0.128362573
2269	0.090074074
2270	0.111111111
2271	0.091520468
2272	0.113708514
2273	0.13625731
2274	0.167836257
2275	0.16046176
2276	0.078362573
2277	0.091520468
2278	0.113361463
2279	0.096783626
2280	0.121500722
2281	0.07994228
2282	0.095526696
2283	0.107309942
2284	0.092929293
2285	0.118903319
2286	0.103318903
2287	0.088888889
2288	0.13968254
2289	0.099415205
2290	0.108513709
2291	0.088888889
2292	0.078362573
2293	0.118903319
2294	0.085137085
2295	0.102046784
2296	0.10994152
2297	0.092929293
2298	0.073099415
2299	0.080994152
2300	0.15007215
2301	0.103318903
2302	0.138888889
2303	0.152669553
2304	0.141520468
2305	0.137085137
2306	0.094152047
2307	0.15007215
2308	0.096783626
2309	0.137085137
2312	0.094152047
2313	0.083625731
2314	0.080994152
2315	0.107309942
2316	0.120467836
2317	0.104678363
2318	0.099415205
2319	0.112573099
2320	0.087734488
2321	0.100721501
2322	0.099415205
2323	0.102046784
2324	0.080994152
2325	0.080994152
2326	0.08625731
2327	0.108513709
2328	0.147474747
2329	0.118903319
2330	0.099415205
2331	0.088888889
2332	0.094152047
2333	0.096783626
2334	0.102046784
2335	0.100721501
2336	0.091520468
2337	0.122507123
2338	0.107309942
2339	0.092929293
2340	0.118903319
2341	0.07994228
2342	0.087734488
2343	0.113708514
2344	0.123099415
2345	0.123099415
2346	0.104678363
2347	0.100721501
2348	0.098074074
2349	0.088888889
2350	0.102046784
2368	0.133625731
2369	0.138888889
2370	0.157309942
2371	0.152669553
2372	0.078362573
2373	0.123099415
2374	0.104678363
2375	0.149415205
2376	0.204617605
2377	0.094152047
2378	0.135407407
2379	0.08625731
2380	0.114074074
2381	0.141520468
2382	0.117836257
2383	0.117836257
2384	0.152046784
2385	0.098124098
2386	0.202020202
2387	0.170467836
2388	0.096783626
2389	0.091520468
2390	0.096783626
2391	0.088888889
2392	0.105916306
2393	0.117378917
2394	0.115204678
2395	0.096783626
2396	0.137085137
2397	0.149415205
2398	0.183625731
2399	0.126695527
2400	0.113708514
2401	0.094152047
2402	0.108513709
2403	0.102046784
2404	0.145584046
2405	0.155266955
2406	0.101994302
2407	0.144152047
2408	0.115204678
2409	0.094152047
2410	0.098124098
2411	0.104678363
2412	0.116305916
2413	0.116305916
2414	0.134487734
2415	0.098124098
2416	0.088888889
2417	0.117836257
2418	0.098124098
2419	0.178362573
2420	0.130994152
2421	0.094152047
2422	0.125730994
2423	0.098124098
2424	0.123099415
2425	0.120956399
2426	0.102046784
2427	0.102046784
2428	0.167836257
2429	0.098074074
2430	0.103318903
2431	0.166096866
2432	0.13968254
2433	0.129292929
2434	0.180994152
2435	0.153276353
2436	0.099430199
2437	0.08625731
2438	0.157864358
2439	0.131890332
2440	0.137891738
2441	0.088888889
2442	0.137891738
2443	0.113708514
2444	0.091520468
2445	0.116305916
2446	0.094152047
2447	0.128362573
2448	0.108513709
2449	0.083625731
2450	0.08625731
2451	0.165204678
2452	0.124098124
2453	0.072150072
2454	0.09033189
2455	0.107309942
2456	0.082539683
2457	0.13625731
2458	0.083625731
2459	0.113708514
2460	0.081481481
2461	0.098124098
2462	0.113708514
2463	0.080994152
2464	0.096783626
2465	0.075730994
2466	0.181240981
2467	0.212409812
2468	0.121500722
2469	0.083625731
2470	0.103407407
2471	0.082539683
2472	0.138888889
2473	0.123099415
2474	0.123099415
2475	0.127635328
2476	0.222799423
2477	0.143019943
2478	0.129292929
2479	0.130994152
2480	0.157309942
2481	0.112573099
2482	0.13625731
2483	0.078362573
2484	0.092929293
2485	0.144877345
2486	0.129292929
2486.1	0.131890332
2487	0.091520468
2488	0.124098124
2489	0.102046784
2490	0.102046784
2491	0.083625731
2492	0.120467836
2493	0.091737892
2494	0.101994302
2495	0.123099415
2496	0.15994152
2497	0.13625731
2498	0.125730994
2499	0.120467836
2500	0.108513709
2501	0.112573099
2502	0.107309942
2503	0.099415205
2504	0.107309942
2505	0.098124098
2506	0.134487734
2507	0.128362573
2508	0.094152047
2509	0.163059163
2510	0.08625731
2511	0.099415205
2512	0.102046784
2513	0.088888889
2514	0.152046784
2515	0.142279942
2516	0.13625731
2517	0.173099415
2518	0.104678363
2519	0.104678363
2520	0.125730994
2521	0.104678363
2522	0.112573099
2523	0.129292929
2524	0.155266955
2525	0.130994152
2526	0.099415205
2527	0.13968254
2528	0.137085137
2529	0.128362573
2530	0.144152047
2531	0.125730994
2532	0.088888889
2533	0.144877345
2534	0.103318903
2535	0.155266955
2536	0.095526696
2537	0.141520468
2538	0.138888889
2539	0.094152047
2540	0.074747475
2541	0.111111111
2542	0.087734488
2543	0.130994152
2544	0.138888889
2545	0.107309942
2546	0.104678363
2547	0.118903319
2548	0.104678363
2549	0.08625731
2550	0.095526696
2551	0.10994152
2552	0.130994152
2553	0.115893108
2554	0.078362573
2555	0.092740741
2556	0.152046784
2557	0.165656566
2558	0.138888889
2559	0.094152047
2560	0.157309942
2561	0.262573099
2562	0.11994302
2563	0.120467836
2564	0.080994152
2565	0.13625731
2566	0.144877345
2567	0.202020202
2568	0.133625731
2569	0.144152047
2570	0.146783626
2571	0.126695527
2572	0.165204678
2573	0.142279942
2574	0.157864358
2575	0.108513709
2576	0.116305916
2577	0.117836257
2578	0.117836257
2579	0.096783626
2580	0.08625731
2581	0.137891738
2582	0.178362573
2583	0.099415205
2584	0.137085137
2585	0.121500722
2586	0.163059163
2587	0.121500722
2588	0.10994152
2589	0.108513709
2590	0.128362573
2591	0.170851371
2592	0.121500722
2593	0.111111111
2594	0.11994302
2595	0.152046784
2596	0.107309942
2597	0.115204678
2598	0.170851371
2599	0.117836257
2600	0.130994152
2601	0.170851371
2602	0.196783626
2603	0.121500722
2604	0.175730994
2605	0.096783626
2606	0.10968661
2607	0.091520468
2608	0.094152047
2609	0.08625731
2610	0.078362573
2611	0.104678363
2612	0.08625731
2613	0.096783626
2614	0.152046784
2614.1	0.154678363
2614.2	0.154678363
2615	0.118903319
2616	0.085137085
2617	0.10994152
2618	0.123099415
2619	0.102046784
2620	0.13625731
2621	0.22020202
2622	0.117378917
2623	0.102046784
2624	0.115204678
2625	0.118903319
2626	0.125730994
2627	0.078362573
2628	0.285137085
2628.1	0.27994228
2629	0.165204678
2630	0.104678363
2631	0.074747475
2632	0.128362573
2633	0.130994152
2634	0.104678363
2635	0.15007215
2636	0.095526696
2637	0.083625731
2638	0.104678363
2639	0.107309942
2640	0.094152047
2641	0.103318903
2642	0.141520468
2643	0.083625731
2644	0.094152047
2645	0.094152047
2646	0.085137085
2647	0.144152047
2648	0.180994152
2649	0.088888889
2650	0.112250712
2651	0.152669553
2652	0.08625731
2653	0.124098124
2654	0.092929293
2655	0.105916306
2656	0.100721501
2657	0.121500722
2658	0.094152047
2659	0.105916306
2660	0.094152047
2661	0.144152047
2662	0.096783626
2663	0.08625731
2664	0.087734488
2665	0.152669553
2666	0.104678363
2667	0.088888889
2668	0.107309942
2669	0.080994152
2670	0.091520468
2671	0.117836257
2672	0.083625731
2673	0.078362573
2674	0.104678363
2675	0.08625731
2676	0.120467836
2677	0.081481481
2678	0.112573099
2679	0.100721501
2680	0.10968661
2681	0.078362573
2682	0.102046784
2683	0.091520468
2684	0.15007215
2685	0.08625731
2686	0.104678363
2687	0.13968254
2688	0.157864358
2689	0.128362573
2690	0.125730994
2691	0.10994152
2692	0.128362573
2693	0.094301994
2694	0.117836257
2695	0.09033189
2696	0.168253968
2697	0.107309942
2697.1	0.115204678
2698	0.085137085
2699	0.152669553
2700	0.202046784
2701	0.107309942
2702	0.130994152
2703	0.115204678
2704	0.080994152
2705	0.091520468
2706	0.144877345
2707	0.117836257
2708	0.102046784
2709	0.085137085
2710	0.096783626
2711	0.102046784
2712	0.202020202
2713	0.104678363
2714	0.107309942
2715	0.117836257
2716	0.112250712
2717	0.115204678
2718	0.173099415
2719	0.123099415
2720	0.085137085
2721	0.123099415
2722	0.162573099
2723	0.100721501
2724	0.123099415
2725	0.103318903
2726	0.138888889
2727	0.072150072
2728	0.129292929
2729	0.10968661
2730	0.096783626
2731	0.100721501
2732	0.087734488
2733	0.085137085
2734	0.131890332
2735	0.088888889
2736	0.071225071
2737	0.125730994
2738	0.082539683
2739	0.099415205
2740	0.138888889
2741	0.098124098
2742	0.099430199
2743	0.076353276
2743.1	0.078917379
2744	0.133625731
2745	0.10968661
2746	0.094152047
2747	0.147474747
2748	0.094152047
2749	0.104678363
2750	0.107309942
2751	0.112573099
2752	0.091737892
2753	0.105916306
2754	0.112573099
2755	0.162573099
2756	0.18931083
2757	0.13625731
2758	0.120467836
2759	0.088888889
2760	0.131890332
2761	0.09033189
2762	0.144152047
2763	0.094152047
2764	0.099415205
2765	0.07994228
2766	0.117836257
2767	0.128551336
2768	0.105916306
2769	0.096783626
2770	0.131890332
2771	0.077344877
2772	0.126695527
2773	0.157309942
2774	0.104678363
2775	0.112573099
2776	0.130994152
2777	0.111111111
2778	0.152669553
2779	0.083625731
2780	0.115204678
2781	0.117836257
2782	0.178362573
2783	0.128362573
2784	0.178917379
2785	0.103318903
2786	0.100721501
2787	0.132763533
2788	0.144152047
2789	0.137085137
2790	0.116305916
2791	0.13968254
2792	0.11994302
2793	0.078362573
2794	0.13019943
2795	0.138888889
2796	0.104678363
2797	0.199415205
2798	0.095526696
2799	0.194227994
2800	0.121500722
2801	0.083625731
2802	0.094152047
2802.1	0.099415205
2803	0.104678363
2804	0.088888889
2805	0.129292929
2806	0.077344877
2807	0.07994228
2808	0.117836257
2809	0.131890332
2810	0.124098124
2811	0.120467836
2812	0.094152047
2813	0.13968254
2814	0.130994152
2815	0.112573099
2816	0.098124098
2817	0.142279942
2818	0.117836257
2819	0.125730994
2820	0.08625731
2821	0.124098124
2822	0.100721501
2823	0.112573099
2824	0.138888889
2825	0.115204678
2826	0.120467836
2827	0.113708514
2828	0.105916306
2829	0.098124098
2830	0.102046784
2831	0.10994152
2832	0.117836257
2833	0.170467836
2834	0.170074074
2835	0.133625731
2836	0.099415205
2837	0.088888889
2838	0.099415205
2839	0.101994302
2840	0.099415205
2841	0.080994152
2842	0.147474747
2843	0.178362573
2844	0.107309942
2845	0.10994152
2846	0.113708514
2847	0.16652602
2848	0.196825397
2849	0.128362573
2850	0.18625731
2851	0.179184248
2852	0.168253968
2853	0.130994152
2854	0.133625731
2855	0.107122507
2856	0.14045584
2857	0.155266955
2858	0.117836257
2859	0.100721501
2860	0.130994152
2861	0.113708514
2861.1	0.111111111
2862	0.095526696
2863	0.09033189
2864	0.094152047
2865	0.111111111
2866	0.20994152
2867	0.080994152
2868	0.120467836
2869	0.13968254
2870	0.170467836
2871	0.165656566
2872	0.141520468
2873	0.15994152
2874	0.112573099
2875	0.152046784
2876	0.137085137
2877	0.154678363
2878	0.107309942
2879	0.130994152
2880	0.117836257
2881	0.104678363
2882	0.188888889
2883	0.08625731
2884	0.120467836
2885	0.099415205
2886	0.202020202
2887	0.102046784
2888	0.170851371
2889	0.148148148
2890	0.104678363
2891	0.14045584
2892	0.120467836
2893	0.122507123
2894	0.094152047
2895	0.189033189
2896	0.131890332
2897	0.100721501
2898	0.13625731
2899	0.095526696
2900	0.096783626
2901	0.094152047
2902	0.113708514
2903	0.13625731
2904	0.16046176
2905	0.15007215
2906	0.111111111
2907	0.138888889
2908	0.125730994
2909	0.176353276
2910	0.131890332
2911	0.122507123
2912	0.15994152
2913	0.087734488
2914	0.117836257
2915	0.13968254
2916	0.146783626
2917	0.144152047
2918	0.144877345
2919	0.176046176
2920	0.135327635
2921	0.116305916
2922	0.134487734
2923	0.207215007
2924	0.163059163
2925	0.152669553
2926	0.104678363
2927	0.096783626
2928	0.13625731
2929	0.111111111
2930	0.137085137
2931	0.10994152
2932	0.186435786
2933	0.126695527
2934	0.155266955
2935	0.08625731
2936	0.147474747
2937	0.091520468
2938	0.183625731
2939	0.183838384
2940	0.120467836
2941	0.13625731
2942	0.113708514
2943	0.126695527
2944	0.204678363
2945	0.087734488
2946	0.116305916
2947	0.146783626
2948	0.104678363
2949	0.130994152
2950	0.128362573
2951	0.123099415
2952	0.091737892
2953	0.091520468
2954	0.130994152
2955	0.132740741
2956	0.104678363
2957	0.178362573
2958	0.133625731
2959	0.173448773
2960	0.152669553
2961	0.167836257
2962	0.09033189
2963	0.128362573
2964	0.108513709
2965	0.154678363
2966	0.130994152
2967	0.108513709
2968	0.096783626
2969	0.128362573
2970	0.115204678
2971	0.094152047
2972	0.096783626
2973	0.170851371
2974	0.133625731
2975	0.154678363
2976	0.113708514
2977	0.104678363
2978	0.121500722
2979	0.107309942
2980	0.146783626
2981	0.165204678
2982	0.16046176
2983	0.096783626
2984	0.152046784
2985	0.107309942
2985.1	0.104678363
2986	0.10994152
2987	0.099415205
2988	0.117836257
2989	0.113708514
2990	0.078362573
2991	0.160968661
2992	0.088888889
2993	0.102046784
2994	0.123099415
2995	0.120467836
2996	0.128362573
2997	0.08625731
2998	0.146272855
2998.1	0.151336146
2999	0.11994302
3000	0.115204678
3001	0.088888889
3002	0.165204678
3003	0.091520468
3004	0.094152047
3005	0.113708514
3006	0.110829817
3007	0.075730994
3008	0.08625731
3009	0.144152047
3010	0.083625731
3011	0.08625731
3012	0.102046784
3013	0.115204678
3014	0.112573099
3015	0.120467836
3016	0.126695527
3017	0.126695527
3018	0.170851371
3019	0.104678363
3020	0.108513709
3021	0.202046784
3022	0.105916306
3023	0.148148148
3024	0.130994152
3025	0.115204678
3026	0.120467836
3027	0.155266955
3028	0.144152047
3029	0.086609687
3030	0.080994152
3031	0.111111111
3032	0.092929293
3033	0.10994152
3034	0.09033189
3035	0.108513709
3036	0.082539683
3037	0.112250712
3038	0.094301994
3039	0.098124098
3040	0.162573099
3041	0.111111111
3042	0.080994152
3043	0.117836257
3044	0.095526696
3045	0.107309942
3046	0.082539683
3047	0.125730994
3048	0.096783626
3049	0.104558405
3050	0.157309942
3051	0.10994152
3052	0.134487734
3053	0.126695527
3054	0.098124098
3055	0.099415205
3056	0.107309942
3057	0.098124098
3058	0.142279942
3059	0.252046784
3060	0.130994152
3061	0.120467836
3062	0.149415205
3063	0.170467836
3064	0.217378917
3065	0.07994228
3066	0.094152047
3067	0.149415205
3068	0.102046784
3069	0.123099415
3070	0.15007215
3071	0.117836257
3072	0.091520468
3073	0.105916306
3074	0.189173789
3075	0.207215007
3076	0.098124098
3077	0.152046784
3078	0.173099415
3079	0.083625731
3080	0.120467836
3081	0.163059163
3082	0.103318903
3083	0.126695527
3084	0.144877345
3085	0.115204678
3086	0.094152047
3087	0.080994152
3088	0.078362573
3089	0.09033189
3090	0.108513709
3091	0.142279942
3092	0.094152047
3093	0.108513709
3094	0.117836257
3095	0.078362573
3096	0.09033189
3097	0.096783626
3098	0.099415205
3099	0.173099415
3100	0.133625731
3101	0.104678363
3102	0.199415205
3103	0.104678363
3104	0.144152047
3105	0.129292929
3106	0.144152047
3107	0.18625731
3108	0.152046784
3109	0.191520468
3110	0.22020202
3111	0.125730994
3112	0.10994152
3113	0.194152047
3114	0.233189033
3115	0.102046784
3116	0.173448773
3117	0.102046784
3118	0.173099415
3119	0.087734488
3120	0.144152047
3121	0.083625731
3122	0.152669553
3123	0.125730994
3124	0.133625731
3125	0.10994152
3126	0.088888889
3127	0.094152047
3128	0.124098124
3129	0.107309942
3130	0.121500722
3131	0.146783626
3132	0.107309942
3133	0.167836257
3134	0.091737892
3135	0.131890332
3136	0.091520468
3137	0.124098124
3138	0.104678363
3139	0.104678363
3140	0.091737892
3141	0.075730994
3142	0.167836257
3143	0.115204678
3144	0.099415205
3145	0.080994152
3146	0.10994152
3147	0.111111111
3148	0.08625731
3149	0.102046784
3150	0.078362573
3151	0.085137085
3152	0.099415205
3153	0.088888889
3154	0.092929293
3155	0.143019943
3156	0.085137085
3157	0.094152047
3158	0.107309942
3159	0.094152047
3160	0.087734488
3161	0.141520468
3162	0.13625731
3163	0.120467836
3164	0.085137085
3165	0.083625731
3166	0.082539683
3167	0.102046784
3168	0.091520468
3169	0.105916306
3170	0.111111111
3171	0.107309942
3172	0.08625731
3173	0.083625731
3174	0.092929293
3175	0.100721501
3176	0.094152047
3177	0.091737892
3178	0.138888889
3179	0.117836257
3180	0.138888889
3181	0.13625731
3182	0.08625731
3183	0.128362573
3184	0.113708514
3185	0.113708514
3186	0.099415205
3187	0.117836257
3188	0.118903319
3189	0.137085137
3190	0.121500722
3191	0.104678363
3192	0.08625731
3193	0.08625731
3194	0.080994152
3195	0.115204678
3196	0.088888889
3197	0.128362573
3198	0.107122507
3199	0.10994152
3200	0.074747475
3201	0.099415205
3202	0.100721501
3203	0.121500722
3204	0.094152047
3205	0.075386779
3206	0.123099415
3207	0.080994152
3208	0.098124098
3209	0.095526696
3210	0.115204678
3211	0.104678363
3212	0.08625731
3213	0.080994152
3214	0.078362573
3215	0.099415205
3216	0.088888889
3217	0.124098124
3218	0.07994228
3219	0.082539683
3220	0.080994152
3224	0.088888889
3226	0.10994152
3228	0.115204678
3229	0.104678363
3231	0.125730994
3235	0.098074074
3238	0.091737892
3241	0.111111111
3244	0.095526696
3246	0.102046784
3249	0.15007215
3251	0.080994152
3252	0.091520468
3254	0.144877345
3256	0.131890332
3257	0.105916306
3259	0.115893108
3261	0.115204678
3262	0.10994152
3264	0.173448773
3265	0.149415205
3267	0.117836257
3269	0.167836257
3271	0.120467836
3273	0.108513709
3275	0.157309942
3277	0.130994152
3279	0.146783626
3282	0.107309942
3283	0.183625731
3285	0.146783626
3287	0.147474747
3290	0.128362573
3292	0.196783626
3294	0.083625731
3296	0.094152047
3298	0.129292929
3304	0.137085137
3306	0.143019943
3308	0.152046784
3311	0.13968254
3313	0.087734488
3315	0.08625731
3316	0.105916306
3317	0.124098124
3319	0.141520468
3320	0.112250712
3321	0.107309942
3322	0.141520468
3325	0.088888889
3328	0.114074074
3334	0.180994152
3337	0.125730994
3338	0.078362573
3340	0.117836257
3341	0.128362573
3342	0.104678363
3343	0.088888889
3345	0.118903319
3347	0.094152047
3348	0.080994152
3349	0.088888889
3350	0.105916306
3351	0.080994152
3352	0.073099415
3353	0.088888889
3354	0.13625731
3355	0.100721501
3356	0.104678363
3357	0.083625731
3358	0.107309942
3358.1	0.099415205
3358.2	0.102046784
3359	0.105916306
3360	0.111111111
3361	0.105916306
3362	0.088888889
3362.1	0.096783626
3363	0.102046784
3364	0.118903319
3365	0.099415205
3366	0.096783626
3367	0.116305916
3368	0.105916306
3369	0.08625731
3370	0.113708514
3371	0.094152047
3372	0.102046784
3373	0.094152047
3374	0.088888889
3375	0.118903319
3376	0.088888889
3376.1	0.080994152
3377	0.123099415
3378	0.112573099
3379	0.080994152
3380	0.15007215
3381	0.104678363
3382	0.083625731
3383	0.096783626
3384	0.13625731
3385	0.099415205
3386	0.123099415
3387	0.098124098
3388	0.091520468
3389	0.094152047
3390	0.117836257
3391	0.094152047
3392	0.113708514
3393	0.108513709
3394	0.088888889
3395	0.096783626
3396	0.10994152
3397	0.107309942
3398	0.233625731
3399	0.096783626
3400	0.102046784
3401	0.131890332
3402	0.08625731
3403	0.102046784
3404	0.08625731
3405	0.112573099
3405.1	0.117836257
3406	0.152046784
3407	0.115204678
3408	0.099415205
3409	0.107309942
3410	0.104678363
3411	0.091520468
3412	0.088888889
3413	0.096783626
3414	0.102046784
3415	0.117836257
3416	0.117836257
3417	0.117836257
3418	0.142279942
3419	0.119365079
3420	0.112573099
3421	0.133625731
3422	0.144877345
3423	0.091737892
3424	0.102046784
3425	0.107309942
3426	0.117836257
3427	0.104678363
3428	0.149415205
3429	0.116305916
3430	0.111111111
3431	0.091520468
3432	0.096783626
3433	0.107122507
3434	0.120467836
3435	0.100721501
3436	0.08625731
3437	0.100721501
3438	0.103318903
3439	0.080994152
3440	0.118903319
3441	0.091520468
3442	0.096783626
3443	0.096783626
3444	0.10994152
3445	0.092740741
3446	0.130994152
3447	0.083625731
3448	0.08625731
3449	0.08625731
3450	0.096783626
3451	0.146783626
3452	0.103318903
3453	0.115204678
3454	0.117836257
3455	0.099415205
3456	0.212573099
3457	0.115204678
3458	0.083625731
3459	0.107309942
3460	0.144152047
3461	0.13019943
3462	0.167836257
3463	0.102046784
3464	0.199415205
3465	0.112573099
3466	0.13625731
3467	0.10994152
3468	0.107309942
3469	0.123099415
3470	0.088888889
3471	0.095526696
3472	0.105916306
3473	0.152046784
3474	0.095526696
3475	0.102046784
3476	0.099415205
3477	0.127635328
3478	0.10994152
3479	0.096783626
3480	0.116305916
3481	0.112250712
3482	0.099415205
3482.1	0.10994152
3483	0.128362573
3484	0.130994152
3485	0.09033189
3486	0.15007215
3487	0.091520468
3488	0.105916306
3489	0.08625731
3490	0.144877345
3491	0.146783626
3492	0.107309942
3493	0.130994152
3493.1	0.123099415
3494	0.091520468
3495	0.146783626
3496	0.126695527
3497	0.13968254
3498	0.124098124
3499	0.112573099
3500	0.107309942
3501	0.157309942
3502	0.154678363
3503	0.120467836
3504	0.088888889
3505	0.083625731
3506	0.121500722
3507	0.117836257
3508	0.146783626
3509	0.117836257
3510	0.107309942
3511	0.112573099
3512	0.102046784
3513	0.112573099
3514	0.112573099
3515	0.094152047
3516	0.076353276
3517	0.120467836
3518	0.117836257
3519	0.104678363
3520	0.094152047
3521	0.123099415
3522	0.091737892
3523	0.10994152
3524	0.103318903
3525	0.103318903
3526	0.130994152
3527	0.104678363
3528	0.116305916
3529	0.099415205
3530	0.125730994
3531	0.095526696
3532	0.083625731
3533	0.107309942
3534	0.08625731
3535	0.114814815
3536	0.121500722
3537	0.087734488
3537.1	0.085137085
3538	0.128362573
3539	0.113708514
3540	0.111111111
3541	0.104678363
3542	0.088045007
3543	0.10994152
3544	0.120467836
3545	0.096783626
3546	0.091520468
3547	0.120467836
3548	0.133625731
3549	0.091520468
3550	0.129292929
3551	0.07994228
3552	0.111111111
3553	0.091520468
3554	0.10994152
3555	0.078362573
3556	0.149415205
3557	0.128362573
3558	0.131890332
3559	0.144152047
3560	0.094152047
3561	0.075730994
3562	0.120467836
3563	0.096783626
3564	0.08625731
3565	0.08625731
3566	0.091520468
3567	0.077344877
3568	0.078362573
3569	0.102046784
3570	0.083625731
3571	0.107122507
3572	0.094152047
3573	0.075730994
3574	0.096783626
3575	0.102046784
3576	0.112573099
3577	0.105916306
3578	0.100721501
3579	0.083625731
3580	0.094152047
3581	0.099415205
3582	0.130994152
3583	0.155266955
3584	0.111111111
3585	0.144152047
3586	0.099415205
3587	0.120467836
3588	0.102046784
3589	0.077344877
3590	0.107122507
3591	0.153276353
3592	0.087734488
3593	0.115204678
3594	0.102046784
3595	0.092929293
3596	0.088888889
3597	0.075730994
3598	0.09033189
3599	0.094152047
3600	0.080994152
3601	0.132763533
3602	0.095526696
3603	0.08625731
3604	0.103318903
3605	0.112573099
3606	0.096783626
3607	0.099415205
3608	0.07994228
3609	0.091737892
3610	0.07994228
3611	0.102046784
3613	0.102046784
3614	0.096783626
3615	0.088888889
3616	0.094152047
3617	0.121500722
3618	0.094152047
3619	0.105916306
3620	0.112573099
3621	0.092929293
3622	0.080994152
3623	0.107309942
3624	0.09033189
3626	0.102046784
3628	0.108513709
3629	0.091520468
3630	0.07994228
3631	0.083625731
3632	0.078362573
3633	0.134487734
3634	0.07994228
3635	0.096866097
3636	0.194152047
3637	0.13625731
3638	0.113708514
3639	0.100721501
3640	0.125730994
3641	0.072150072
3642	0.082539683
3643	0.112573099
3644	0.104678363
3645	0.107309942
3646	0.075730994
3647	0.123099415
3648	0.125730994
3649	0.09033189
3650	0.102046784
3652	0.121500722
3653	0.100721501
3654	0.077344877
3655	0.075730994
3656	0.117836257
3657	0.207122507
3658	0.134487734
3659	0.112573099
3660	0.080994152
3661	0.078362573
3663	0.08625731
3664	0.076353276
3665	0.09033189
3666	0.07994228
3667	0.085137085
3668	0.095526696
3669	0.137891738
3670	0.115204678
3671	0.08625731
3672	0.103318903
3673	0.094152047
3674	0.075730994
3675	0.123099415
3676	0.13625731
3677	0.125730994
3678	0.091737892
3679	0.107309942
3680	0.091520468
3681	0.096783626
3682	0.115204678
3683	0.107122507
3684	0.103318903
3685	0.085137085
3686	0.113708514
3687	0.108513709
3689	0.184045584
3690	0.10994152
3692	0.083625731
3693	0.091520468
3695	0.128362573
3696	0.094152047
3697	0.088888889
3698	0.083625731
3699	0.094152047
3700	0.074747475
3701	0.117836257
3702	0.094152047
3703	0.08625731
3704	0.099415205
3705	0.091520468
3706	0.094152047
3707	0.077344877
3708	0.146783626
3709	0.091520468
3710	0.10994152
3711	0.104678363
3712	0.095526696
3713	0.154678363
3714	0.088888889
3715	0.133625731
3716	0.123099415
3717	0.120467836
3718	0.112250712
3719	0.13625731
3720	0.091520468
3721	0.074747475
3722	0.092929293
3723	0.083625731
3724	0.091520468
3725	0.104678363
3726	0.100721501
3727	0.091520468
3728	0.098124098
3729	0.09033189
3730	0.099415205
3731	0.138888889
3732	0.091520468
3733	0.088888889
3734	0.104678363
3735	0.155266955
3736	0.131890332
3737	0.104678363
3738	0.128362573
3739	0.124098124
3740	0.138888889
3741	0.202046784
3742	0.146783626
3743	0.157864358
3744	0.111111111
3745	0.148148148
3746	0.178917379
3747	0.091520468
3748	0.134487734
3749	0.107309942
3750	0.144877345
3751	0.105916306
3752	0.120467836
3753	0.112573099
3754	0.097965571
3755	0.088888889
3756	0.120467836
3757	0.144877345
3758	0.138888889
3759	0.121500722
3760	0.107309942
3761	0.112573099
3762	0.080994152
3763	0.207122507
3764	0.120467836
3765	0.146783626
3766	0.113708514
3767	0.128362573
3768	0.104678363
3769	0.108513709
3770	0.102046784
3771	0.117836257
3772	0.147474747
3773	0.115204678
3774	0.115204678
3775	0.099415205
3776	0.080994152
3777	0.102046784
3778	0.111111111
3779	0.099415205
3780	0.094152047
3781	0.115204678
3782	0.094152047
3783	0.102046784
3784	0.124098124
3785	0.092929293
3786	0.08625731
3787	0.083625731
3788	0.088888889
3789	0.104678363
3790	0.096783626
3792	0.137891738
3793	0.120467836
3794	0.083625731
3795	0.176353276
3796	0.154678363
3797	0.202020202
3798	0.146783626
3799	0.199422799
3800	0.144877345
3801	0.107309942
3802	0.146783626
3803	0.085137085
3804	0.117836257
3805	0.099415205
3806	0.153276353
3807	0.09033189
3808	0.123099415
3809	0.128362573
3810	0.121500722
3812	0.104678363
3813	0.105916306
3814	0.085137085
3815	0.152669553
3816	0.138888889
3817	0.104678363
3818	0.103318903
3819	0.07994228
3820	0.10994152
3821	0.100721501
3822	0.087734488
3823	0.085137085
3824	0.103318903
3825	0.107309942
3826	0.091737892
3827	0.144152047
3828	0.120467836
3829	0.112573099
3830	0.091520468
3831	0.094152047
3832	0.091520468
3833	0.104678363
3834	0.144152047
3835	0.125730994
3836	0.141520468
3837	0.085137085
3838	0.113708514
3839	0.082539683
3840	0.096783626
3841	0.096866097
3842	0.094152047
3843	0.080994152
3844	0.08625731
3845	0.113708514
3846	0.094152047
3847	0.115204678
3848	0.09033189
3849	0.10994152
3850	0.112573099
3851	0.100721501
3853	0.163059163
3854	0.116305916
3855	0.120467836
3856	0.112573099
3858	0.121500722
3859	0.117836257
3860	0.08625731
3861	0.138888889
3862	0.083625731
3863	0.086609687
3864	0.120467836
3865	0.104678363
3866	0.112573099
3867	0.096783626
3868	0.104678363
3869	0.131890332
3870	0.080994152
3871	0.116305916
3872	0.112573099
3873	0.121500722
3874	0.099415205
3876	0.098124098
3877	0.194152047
3881	0.154678363
3883	0.106074074
3887	0.091520468
3888	0.088888889
3889	0.122074074
3890	0.083625731
3891	0.101994302
3892	0.10994152
3893	0.096783626
3894	0.108513709
3895	0.07994228
3896	0.092929293
3897	0.130994152
3898	0.085493827
3899	0.08625731
3900	0.073099415
3901	0.124098124
3902	0.113708514
3903	0.107309942
3904	0.125730994
3905	0.113708514
3906	0.09033189
3908	0.096783626
3909	0.091520468
3910	0.094152047
3911	0.091520468
3912	0.091520468
3913	0.102046784
3914	0.096783626
3915	0.080994152
3916	0.096783626
3917	0.096783626
3918	0.099415205
3919	0.095526696
3920	0.130994152
3921	0.120467836
3922	0.082539683
3923	0.100721501
3924	0.10994152
3925	0.130994152
3926	0.085137085
3927	0.113708514
3928	0.094152047
3929	0.134487734
3930	0.088888889
3931	0.144152047
3932	0.142279942
3933	0.180994152
3934	0.083625731
3935	0.148148148
3936	0.080994152
3937	0.108513709
3938	0.107309942
3939	0.115204678
3940	0.104678363
3941	0.138888889
3942	0.088888889
3943	0.078362573
3944	0.08625731
3945	0.08625731
3946	0.09033189
3947	0.087734488
3948	0.100721501
3949	0.142279942
3950	0.13625731
3951	0.091520468
3952	0.098124098
3953	0.080994152
3954	0.094152047
3955	0.091520468
3956	0.095526696
3958	0.112573099
3959	0.116305916
3960	0.104678363
3961	0.083625731
3963	0.111111111
3964	0.080994152
3965	0.094152047
3966	0.078362573
3967	0.113708514
3968	0.107309942
3970	0.154678363
3971	0.120467836
3972	0.10994152
3974	0.082539683
3975	0.096783626
3976	0.134487734
3977	0.117836257
3979	0.102046784
3980	0.128362573
3981	0.096783626
3982	0.099415205
3983	0.078362573
3984	0.108513709
3986	0.113708514
3987	0.091520468
3988	0.100721501
3989	0.074747475
3990	0.085137085
3992	0.103318903
3994	0.074747475
3995	0.117836257
3996	0.083625731
3997	0.091520468
3998	0.087734488
3999	0.09033189
4001	0.082539683
4002	0.120467836
4004	0.085137085
4005	0.15994152
4007	0.087734488
4009	0.087734488
4010	0.080994152
4012	0.094152047
4013	0.123099415
4014	0.143019943
4015	0.125730994
4016	0.077344877
4017	0.077344877
4018	0.08625731
4019	0.146783626
4020	0.099430199
4021	0.088888889
4022	0.085137085
4023	0.130994152
4024	0.08625731
4025	0.07994228
4027	0.077344877
4028	0.135327635
4029	0.091737892
4030	0.080994152
4031	0.144152047
4032	0.104558405
4033	0.083625731
4034	0.118903319
4035	0.117836257
4036	0.128362573
4037	0.113708514
4038	0.092929293
4039	0.131890332
4040	0.126695527
4041	0.08625731
4042	0.073099415
4043	0.094152047
4044	0.096783626
4045	0.083625731
4046	0.104678363
4047	0.112573099
4048	0.095526696
4049	0.13019943
4050	0.116305916
4051	0.125730994
4052	0.147474747
4053	0.095526696
4054	0.112573099
4055	0.118903319
4056	0.128362573
4057	0.124098124
4058	0.130994152
4059	0.101994302
4060	0.094152047
4061	0.096783626
4062	0.099415205
4063	0.083625731
4064	0.120467836
4065	0.084045584
4066	0.096783626
4067	0.088888889
4068	0.085137085
4069	0.099415205
4070	0.15994152
4071	0.100721501
4072	0.091520468
4073	0.102046784
4074	0.194301994
4075	0.129292929
4076	0.08625731
4077	0.096783626
4078	0.16046176
4079	0.075730994
4080	0.186435786
4081	0.127635328
4082	0.121500722
4083	0.085137085
4084	0.075730994
4085	0.088888889
4086	0.096783626
4087	0.154678363
4088	0.13625731
4090	0.115204678
4091	0.088888889
4092	0.083625731
4093	0.076353276
4095	0.125730994
4096	0.152669553
4097	0.088888889
4099	0.121500722
4100	0.138888889
4102	0.094152047
4103	0.096783626
4104	0.107309942
4105	0.103318903
4107	0.135327635
4108	0.112573099
4109	0.154678363
4110	0.107309942
4112	0.08625731
4114	0.096783626
4115	0.152046784
4117	0.102046784
4118	0.102046784
4119	0.099415205
4120	0.075730994
4121	0.110493827
4123	0.130994152
4124	0.143019943
4126	0.121500722
4127	0.088888889
4128	0.104678363
4129	0.11994302
4130	0.158404558
4131	0.100721501
4132	0.180994152
4133	0.133625731
4134	0.085137085
4135	0.152046784
4136	0.091520468
4137	0.10994152
4138	0.112573099
4139	0.083625731
4140	0.107309942
4141	0.08625731
4142	0.116305916
4143	0.075730994
4144	0.091520468
4145	0.133625731
4146	0.104678363
4147	0.117836257
4148	0.099415205
4149	0.078362573
4150	0.094152047
4151	0.108513709
4152	0.120467836
4153	0.115204678
4155	0.094152047
4157	0.133625731
4158	0.115204678
4159	0.077344877
4161	0.13625731
4162	0.15007215
4163	0.104678363
4165	0.130994152
4167	0.102046784
4168	0.098124098
4170	0.120467836
4171	0.10994152
4172	0.092929293
4173	0.099415205
4174	0.089173789
4175	0.118903319
4176	0.077344877
4178	0.091520468
4179	0.102046784
4181	0.088888889
4182	0.10994152
4183	0.117836257
4184	0.107309942
4186	0.107309942
4188	0.120467836
4190	0.125730994
4191	0.116305916
4193	0.080994152
4194	0.10994152
4195	0.091520468
4196	0.083625731
4197	0.115204678
4198	0.181481481
4199	0.092929293
4200	0.108513709
4201	0.105916306
4202	0.107309942
4203	0.095526696
4204	0.08625731
4205	0.116305916
4206	0.096783626
4208	0.107309942
4210	0.088888889
4212	0.113708514
4213	0.07994228
4215	0.104558405
4216	0.162573099
4217	0.091520468
4218	0.112573099
4219	0.078362573
4221	0.098124098
4222	0.107309942
4223	0.176046176
4224	0.09033189
4225	0.092929293
4226	0.099415205
4228	0.115204678
4229	0.096783626
4230	0.104678363
4231	0.098124098
4232	0.107309942
4233	0.124098124
4234	0.080994152
4235	0.144877345
4237	0.120467836
4238	0.137085137
4239	0.115204678
4240	0.088888889
4241	0.108513709
4242	0.087734488
4243	0.133625731
4244	0.08625731
4246	0.104678363
4247	0.08625731
4248	0.130994152
4249	0.102046784
4250	0.088888889
4251	0.165204678
4252	0.098124098
4253	0.105916306
4255	0.13968254
4256	0.115204678
4257	0.104678363
4258	0.08625731
4259	0.078362573
4260	0.099415205
4261	0.102046784
4262	0.10994152
4263	0.13625731
4265	0.125730994
4267	0.130994152
4268	0.113708514
4269	0.096783626
4270	0.096783626
4271	0.083625731
4272	0.116305916
4273	0.095526696
4274	0.123099415
4275	0.107309942
4276	0.075730994
4277	0.094152047
4278	0.083625731
4279	0.168253968
4280	0.173099415
4281	0.087734488
4282	0.157309942
4283	0.091520468
4284	0.085137085
4285	0.083625731
4286	0.075730994
4287	0.115204678
4288	0.092929293
4289	0.094152047
4290	0.078362573
4291	0.102046784
4292	0.112250712
4293	0.13625731
4294	0.149415205
4295	0.099415205
4296	0.095526696
4297	0.078362573
4298	0.103318903
4299	0.083625731
4300	0.104678363
4301	0.121500722
4302	0.09033189
4303	0.09033189
4304	0.088888889
4305	0.104678363
4306	0.158404558
4307	0.118903319
4308	0.104678363
4309	0.096783626
4310	0.075730994
4311	0.080994152
4312	0.091520468
4313	0.08625731
4314	0.112573099
4315	0.130994152
4316	0.102046784
4317	0.107309942
4318	0.100721501
4319	0.080994152
4320	0.096783626
4321	0.144152047
4322	0.099415205
4323	0.123099415
4324	0.15007215
4325	0.104678363
4326	0.13625731
4327	0.094152047
4328	0.118903319
4329	0.138888889
4330	0.144152047
4332	0.124098124
4333	0.098124098
4334	0.138888889
4335	0.077344877
4336	0.107309942
4337	0.117836257
4338	0.107309942
4339	0.117836257
4340	0.13625731
4341	0.087734488
4342	0.128362573
4343	0.115204678
4344	0.123099415
4345	0.098124098
4346	0.138888889
4347	0.137085137
4348	0.13625731
4349	0.107309942
4350	0.138888889
4351	0.121500722
4352	0.088888889
4353	0.162573099
4354	0.120467836
4355	0.099415205
4356	0.10994152
4357	0.088888889
4358	0.120467836
4359	0.096783626
4361	0.105916306
4362	0.113708514
4363	0.128362573
4364	0.126695527
4365	0.162573099
4366	0.117836257
4367	0.125730994
4368	0.112573099
4369	0.091520468
4370	0.115204678
4371	0.09033189
4373	0.144152047
4374	0.13968254
4375	0.129292929
4376	0.112573099
4377	0.091520468
4378	0.10994152
4379	0.091520468
4380	0.099415205
4381	0.099415205
4382	0.117836257
4383	0.107309942
4384	0.117836257
4385	0.125730994
4386	0.085137085
4387	0.08625731
4388	0.107309942
4389	0.115204678
4390	0.104678363
4391	0.08625731
4392	0.149415205
4393	0.13968254
4394	0.112573099
4395	0.091520468
4396	0.104678363
4397	0.091520468
4399	0.074747475
4400	0.09033189
4401	0.117836257
4402	0.094152047
4403	0.125730994
4404	0.104678363
4405	0.13968254
4406	0.131890332
4407	0.096783626
4409	0.157864358
4410	0.176046176
4411	0.088888889
4412	0.08625731
4413	0.099415205
4414	0.125730994
4415	0.10994152
4416	0.133625731
4417	0.120467836
4418	0.124098124
4419	0.15007215
4420	0.104678363
4421	0.088888889
4422	0.128362573
4423	0.104678363
4424	0.115204678
4425	0.157309942
4426	0.125730994
4427	0.100721501
4428	0.141520468
4429	0.099415205
4430	0.103318903
4431	0.094152047
4432	0.126695527
4433	0.107309942
4434	0.09033189
4435	0.133625731
4436	0.123099415
4437	0.115204678
4438	0.144877345
4439	0.099415205
4440	0.102046784
4441	0.099415205
4442	0.088888889
4443	0.083625731
4444	0.096783626
4445	0.125730994
4446	0.083625731
4447	0.10994152
4448	0.104678363
4449	0.112250712
4450	0.141520468
4451	0.072150072
4452	0.083625731
4453	0.087734488
4454	0.103318903
4455	0.133625731
4456	0.104678363
4457	0.075730994
4458	0.167836257
4459	0.124098124
4460	0.099415205
4461	0.098124098
4462	0.078362573
4463	0.075730994
4464	0.080994152
4466	0.15007215
4467	0.154678363
4468	0.128362573
4469	0.111111111
4470	0.124098124
4471	0.091520468
4472	0.103318903
4473	0.165204678
4474	0.113708514
4475	0.107309942
4476	0.088888889
4477	0.088888889
4478	0.103318903
4479	0.118903319
4480	0.102046784
4481	0.112573099
4482	0.107309942
4483	0.147474747
4484	0.153276353
4485	0.130994152
4486	0.113708514
4487	0.123099415
4488	0.092929293
4489	0.080994152
4490	0.088888889
4491	0.092929293
4492	0.094152047
4493	0.088888889
4494	0.166096866
4495	0.112573099
4496	0.107122507
4497	0.152669553
4498	0.107309942
4499	0.100721501
4500	0.092929293
4501	0.15994152
4502	0.082539683
4503	0.105916306
4504	0.112573099
4505	0.092929293
4506	0.087734488
4507	0.118903319
4508	0.108513709
4509	0.138888889
4510	0.102046784
4511	0.099415205
4512	0.080994152
4513	0.080994152
4514	0.111111111
4515	0.107309942
4516	0.117836257
