uta	att
4	0.107309942
6	0.116305916
7	0.126695527
8	0.08625731
9	0.102356902
10	0.107309942
11	0.096783626
12	0.094152047
14	0.094152047
15	0.085137085
18	0.115204678
19	0.091520468
20	0.10994152
21	0.116305916
22	0.107309942
23	0.092740741
24	0.08625731
27	0.100721501
28	0.138888889
30	0.116305916
31	0.108513709
32	0.113708514
33	0.088888889
34	0.075730994
35	0.126695527
37	0.103318903
39	0.08625731
40	0.09033189
41	0.088888889
42	0.091520468
43	0.083625731
44	0.102046784
46	0.142279942
47	0.095526696
48	0.107309942
49	0.078362573
51	0.092740741
53	0.102046784
54	0.073099415
55	0.094152047
56	0.096783626
57	0.144152047
58	0.096783626
59	0.096783626
60	0.121500722
61	0.115204678
62	0.088888889
63	0.083625731
64	0.170851371
65	0.113708514
66	0.08625731
67	0.095526696
68	0.191630592
69	0.073099415
70	0.083625731
71	0.149415205
72	0.152046784
73	0.080994152
74	0.123099415
75	0.113708514
76	0.121500722
77	0.134487734
78	0.086609687
80	0.124098124
81	0.099415205
82	0.102046784
83	0.103318903
84	0.098124098
85	0.091520468
86	0.103318903
87	0.111111111
88	0.091520468
89	0.10994152
90	0.083625731
91	0.094301994
92	0.117836257
93	0.096866097
94	0.112573099
95	0.106074074
96	0.092929293
97	0.095526696
98	0.141520468
99	0.157309942
100	0.147474747
101	0.09033189
102	0.084045584
103	0.112573099
104	0.102046784
105	0.088888889
106	0.092929293
107	0.091520468
108	0.094152047
109	0.083625731
110	0.112573099
111	0.123099415
112	0.125730994
113	0.08625731
114	0.085137085
115	0.092929293
116	0.107309942
117	0.149415205
118	0.13625731
119	0.112573099
120	0.073789174
121	0.080994152
122	0.157309942
123	0.13625731
124	0.098124098
125	0.147474747
126	0.08625731
127	0.077344877
128	0.098124098
129	0.116740741
130	0.088888889
132	0.102046784
133	0.15007215
134	0.125730994
136	0.10994152
137	0.124098124
139	0.103318903
140	0.134487734
141	0.091520468
142	0.082539683
143	0.102046784
144	0.212409812
145	0.107716049
146	0.112573099
147	0.077344877
148	0.105916306
149	0.157309942
151	0.094152047
152	0.107309942
154	0.07994228
156	0.123569024
157	0.121500722
158	0.080994152
160	0.097965571
161	0.117836257
163	0.09033189
164	0.091520468
165	0.096866097
166	0.096866097
168	0.083625731
169	0.107309942
170	0.096783626
171	0.094152047
172	0.088888889
173	0.087734488
174	0.102046784
175	0.098124098
176	0.141520468
177	0.115204678
178	0.10994152
179	0.099415205
180	0.078362573
181	0.07994228
182	0.102046784
183	0.123099415
184	0.094152047
185	0.096783626
186	0.117836257
187	0.10994152
188	0.10994152
189	0.113708514
190	0.202046784
191	0.152046784
192	0.138888889
193	0.09033189
195	0.105916306
197	0.095526696
198	0.144152047
200	0.099415205
201	0.104678363
202	0.10994152
203	0.087734488
205	0.094152047
206	0.144152047
208	0.107309942
209	0.137085137
211	0.107309942
212	0.137085137
214	0.120467836
215	0.155266955
216	0.112573099
218	0.080994152
219	0.106074074
221	0.09033189
222	0.08625731
223	0.100721501
224	0.095526696
225	0.085137085
226	0.112250712
227	0.137891738
228	0.091520468
229	0.098124098
231	0.088888889
232	0.091737892
233	0.075730994
234	0.095526696
235	0.087734488
235.1	0.09033189
236	0.10968661
237	0.096866097
238	0.091520468
240	0.080994152
241	0.091520468
242	0.137891738
243	0.105916306
244	0.121500722
245	0.096783626
246	0.074747475
247	0.075730994
248	0.104678363
249	0.086805556
250	0.078362573
251	0.124740741
252	0.099415205
253	0.133625731
254	0.129292929
255	0.096783626
256	0.114814815
256.1	0.114814815
258	0.103318903
259	0.103318903
262	0.088888889
263	0.091737892
264	0.102046784
265	0.098124098
266	0.163532764
267	0.096783626
268	0.088888889
269	0.098124098
270	0.080994152
271	0.075730994
272	0.096783626
273	0.07994228
274	0.073099415
275	0.115204678
276	0.15007215
276.1	0.134487734
277	0.112573099
278	0.09033189
279	0.091520468
280	0.102046784
281	0.091520468
282	0.080994152
283	0.083625731
284	0.091520468
285	0.101994302
286	0.112573099
287	0.120467836
288	0.09033189
289	0.078362573
290	0.08625731
291	0.102046784
292	0.08625731
293	0.08048048
294	0.082539683
295	0.107309942
296	0.124098124
297	0.095526696
298	0.102046784
299	0.091520468
300	0.120467836
301	0.092929293
302	0.078917379
303	0.08625731
304	0.144877345
305	0.113708514
306	0.085137085
307	0.116305916
308	0.091520468
309	0.08625731
310	0.096783626
311	0.094152047
312	0.098124098
313	0.157864358
314	0.117836257
316	0.107309942
318	0.096866097
320	0.088888889
321	0.104678363
323	0.102046784
325	0.126695527
326	0.117836257
327	0.07994228
328	0.083625731
329	0.152669553
330	0.102046784
331	0.080994152
332	0.089173789
333	0.18625731
334	0.165204678
335	0.083625731
336	0.100740741
337	0.088888889
338	0.105916306
339	0.105916306
340	0.092929293
341	0.09033189
342	0.116305916
343	0.099415205
344	0.104678363
345	0.09033189
346	0.125730994
347	0.085137085
348	0.083625731
349	0.107122507
350	0.080994152
351	0.104678363
352	0.087407407
353	0.104678363
354	0.082539683
355	0.08625731
356	0.07994228
357	0.111111111
358	0.103318903
359	0.16046176
360	0.095526696
361	0.094152047
362	0.102046784
363	0.091520468
364	0.121500722
365	0.115204678
367	0.105916306
368	0.083625731
369	0.087734488
370	0.088888889
371	0.134487734
373	0.088888889
374	0.149415205
375	0.099415205
376	0.152669553
377	0.124098124
378	0.087734488
380	0.082539683
381	0.15007215
383	0.104678363
384	0.16652602
385	0.120467836
386	0.098124098
387	0.100721501
389	0.094152047
390	0.118903319
391	0.088888889
392	0.165204678
393	0.088888889
394	0.088888889
395	0.113708514
396	0.13968254
397	0.183625731
398	0.094301994
399	0.103318903
400	0.084045584
401	0.091520468
402	0.082539683
403	0.092929293
404	0.075730994
405	0.076353276
406	0.117836257
407	0.082539683
408	0.08625731
409	0.146783626
410	0.078917379
411	0.08625731
412	0.088888889
413	0.122507123
414	0.107309942
415	0.099430199
416	0.104678363
417	0.088888889
418	0.083625731
419	0.123099415
421	0.094152047
422	0.118903319
424	0.100721501
425	0.100721501
426	0.096783626
427	0.092929293
428	0.111111111
429	0.094152047
430	0.080994152
432	0.107309942
433	0.147474747
434	0.15007215
435	0.096783626
436	0.118903319
437	0.15007215
438	0.098124098
439	0.102046784
440	0.099415205
441	0.101994302
442	0.123099415
444	0.126695527
445	0.10994152
446	0.098124098
447	0.144877345
448	0.100721501
449	0.102046784
450	0.120467836
451	0.102046784
452	0.117836257
453	0.112573099
454	0.083625731
455	0.096783626
456	0.117836257
457	0.165204678
458	0.142279942
459	0.107122507
461	0.105916306
462	0.091520468
463	0.165656566
464	0.09033189
465	0.115204678
467	0.100721501
468	0.100721501
469	0.094152047
470	0.111111111
471	0.154678363
472	0.157309942
473	0.141520468
474	0.145584046
476	0.131890332
477	0.09033189
479	0.092929293
480	0.137891738
482	0.14045584
483	0.078362573
484	0.091520468
486	0.095526696
487	0.126695527
488	0.107309942
489	0.099415205
490	0.194227994
491	0.09033189
492	0.116305916
493	0.095526696
494	0.113708514
495	0.077344877
496	0.157864358
497	0.120467836
498	0.088888889
499	0.145584046
500	0.091520468
501	0.120467836
502	0.199422799
503	0.176353276
504	0.113708514
505	0.152669553
506	0.131890332
507	0.104678363
508	0.126695527
510	0.107309942
511	0.080994152
512	0.095526696
513	0.137085137
514	0.170851371
515	0.128362573
516	0.113708514
517	0.143019943
518	0.120467836
519	0.082539683
520	0.120467836
521	0.099415205
522	0.089173789
523	0.07994228
524	0.13625731
525	0.082539683
526	0.162573099
527	0.095639944
528	0.15007215
530	0.191520468
531	0.089173789
532	0.125730994
533	0.094152047
535	0.129292929
536	0.13968254
537	0.128362573
538	0.165656566
539	0.089173789
540	0.134487734
541	0.098124098
542	0.10994152
544	0.108513709
545	0.104678363
547	0.138888889
548	0.114074074
549	0.082539683
550	0.099430199
551	0.091520468
552	0.157309942
553	0.173099415
554	0.120467836
555	0.099415205
556	0.10994152
557	0.107309942
558	0.111111111
559	0.105916306
560	0.107309942
561	0.15994152
562	0.096783626
563	0.095526696
564	0.107309942
565	0.105916306
566	0.094152047
567	0.084740741
568	0.120467836
569	0.212409812
570	0.088888889
571	0.105916306
572	0.104678363
573	0.087734488
574	0.118903319
575	0.091520468
576	0.120467836
577	0.125730994
578	0.120467836
579	0.144152047
580	0.123099415
581	0.118903319
582	0.152669553
583	0.178362573
584	0.09033189
585	0.08045007
586	0.105916306
587	0.091520468
588	0.115204678
589	0.117836257
590	0.083625731
591	0.162573099
592	0.092929293
593	0.117836257
594	0.149415205
595	0.15007215
596	0.088888889
597	0.096783626
598	0.128362573
599	0.096783626
600	0.111111111
601	0.163059163
602	0.117836257
603	0.120467836
604	0.09033189
605	0.128362573
606	0.176046176
607	0.173448773
608	0.176046176
609	0.152669553
610	0.092929293
611	0.166096866
612	0.111111111
613	0.173099415
614	0.183838384
615	0.131890332
616	0.10994152
617	0.18625731
618	0.10994152
620	0.129292929
621	0.105916306
622	0.112573099
623	0.100721501
624	0.104558405
625	0.107309942
626	0.096783626
627	0.176353276
628	0.15007215
629	0.107309942
630	0.141520468
631	0.144152047
632	0.127635328
633	0.157309942
634	0.104678363
635	0.121500722
636	0.157309942
637	0.123099415
638	0.125730994
639	0.112573099
640	0.104678363
641	0.094301994
642	0.112573099
643	0.095526696
644	0.163059163
645	0.167836257
646	0.18625731
647	0.194227994
648	0.128362573
649	0.144877345
650	0.088888889
651	0.080994152
652	0.077344877
653	0.157309942
654	0.137085137
655	0.156507937
656	0.103318903
657	0.240981241
658	0.178362573
659	0.098171589
660	0.099430199
661	0.13968254
662	0.107309942
663	0.08625731
664	0.115204678
665	0.111111111
666	0.095526696
667	0.096866097
668	0.137085137
669	0.094301994
670	0.080994152
671	0.15007215
672	0.099415205
673	0.13968254
674	0.098171589
675	0.103318903
676	0.107309942
677	0.125730994
678	0.095526696
679	0.143019943
680	0.10994152
681	0.115204678
682	0.22020202
683	0.154678363
684	0.090576653
685	0.094152047
686	0.144152047
687	0.15994152
688	0.107309942
689	0.107309942
690	0.130994152
691	0.176046176
692	0.173448773
693	0.102046784
694	0.175730994
695	0.126695527
696	0.088888889
697	0.146783626
698	0.128362573
699	0.085137085
700	0.088888889
701	0.09033189
702	0.157864358
703	0.141520468
704	0.102046784
705	0.162573099
706	0.141520468
707	0.154678363
708	0.157864358
709	0.083625731
710	0.112573099
711	0.181715893
712	0.082539683
713	0.162573099
714	0.189033189
715	0.08625731
716	0.152046784
717	0.186435786
718	0.202046784
719	0.173099415
720	0.157864358
721	0.094152047
722	0.113708514
724	0.167836257
725	0.153276353
726	0.090576653
727	0.13968254
728	0.100721501
729	0.088888889
730	0.094152047
731	0.08625731
732	0.117836257
733	0.128362573
734	0.133625731
735	0.107309942
736	0.087734488
737	0.09033189
738	0.15007215
739	0.137085137
740	0.123099415
741	0.124098124
742	0.117836257
743	0.096783626
744	0.09033189
745	0.104678363
746	0.108513709
747	0.121500722
748	0.113708514
749	0.100721501
750	0.146783626
751	0.215204678
752	0.155266955
753	0.125730994
754	0.13968254
755	0.138888889
756	0.091520468
757	0.122507123
758	0.152046784
759	0.09033189
760	0.133625731
761	0.124098124
762	0.087734488
763	0.080994152
764	0.091520468
765	0.107309942
766	0.088888889
767	0.157309942
768	0.077344877
769	0.092929293
770	0.196866097
771	0.094152047
772	0.166096866
773	0.123099415
774	0.107309942
775	0.149415205
776	0.116305916
777	0.080994152
778	0.091520468
779	0.08625731
780	0.103318903
781	0.080994152
782	0.138888889
783	0.103318903
784	0.129292929
785	0.088045007
786	0.094152047
787	0.165204678
788	0.155840456
789	0.173099415
790	0.078917379
791	0.166096866
792	0.082539683
793	0.128362573
795	0.14045584
796	0.167836257
797	0.096783626
798	0.104678363
799	0.08625731
801	0.091520468
803	0.133625731
805	0.207309942
806	0.075730994
807	0.083625731
808	0.096783626
809	0.121500722
810	0.092929293
811	0.103318903
812	0.087734488
814	0.107309942
815	0.08625731
816	0.094152047
817	0.083625731
818	0.08625731
819	0.087734488
820	0.10994152
821	0.083625731
822	0.091520468
823	0.088888889
824	0.08625731
825	0.078362573
826	0.094152047
827	0.107309942
828	0.099415205
829	0.077344877
830	0.096783626
831	0.144152047
832	0.09033189
833	0.099415205
834	0.080994152
835	0.104678363
836	0.095526696
837	0.073099415
838	0.088888889
839	0.080994152
840	0.088888889
841	0.080994152
842	0.088888889
843	0.115204678
844	0.115204678
845	0.107309942
846	0.091520468
847	0.104678363
848	0.10994152
849	0.096783626
850	0.105916306
851	0.08625731
852	0.103318903
853	0.129292929
854	0.099430199
855	0.115204678
856	0.078362573
857	0.123099415
858	0.099415205
859	0.083625731
860	0.099415205
861	0.125730994
862	0.075730994
863	0.100721501
864	0.096783626
865	0.080994152
866	0.167836257
867	0.091520468
868	0.073099415
869	0.083625731
870	0.080994152
871	0.088888889
872	0.102046784
873	0.094152047
874	0.096783626
875	0.095526696
876	0.107309942
877	0.128362573
878	0.098124098
879	0.08625731
880	0.123099415
881	0.096783626
882	0.096783626
883	0.077344877
884	0.115204678
885	0.112573099
887	0.096783626
888	0.104678363
889	0.112250712
890	0.087734488
891	0.120467836
893	0.176046176
895	0.083625731
896	0.096783626
898	0.13625731
899	0.170851371
900	0.107309942
901	0.125730994
902	0.13625731
903	0.142279942
905	0.091520468
906	0.080994152
908	0.075730994
909	0.098124098
910	0.098124098
911	0.104678363
912	0.08625731
914	0.189033189
915	0.149415205
916	0.10994152
918	0.133625731
919	0.092929293
921	0.088888889
922	0.09033189
924	0.104678363
925	0.082539683
927	0.077344877
929	0.112573099
930	0.085137085
932	0.08625731
934	0.076353276
936	0.094152047
937	0.083625731
939	0.080994152
940	0.087734488
941	0.099415205
943	0.124098124
944	0.102046784
945	0.099415205
947	0.181481481
949	0.137085137
950	0.078917379
951	0.099415205
952	0.128362573
953	0.075730994
954	0.087734488
955	0.125730994
956	0.168253968
957	0.128362573
958	0.078362573
959	0.096783626
960	0.091520468
961	0.141520468
962	0.129292929
964	0.124098124
965	0.100721501
966	0.138888889
967	0.124098124
968	0.13625731
969	0.091520468
970	0.09382716
972	0.148148148
974	0.186435786
975	0.087734488
976	0.08625731
977	0.083625731
978	0.095526696
979	0.10968661
980	0.078362573
981	0.08625731
982	0.088888889
983	0.088888889
984	0.112573099
985	0.083625731
986	0.094152047
987	0.095526696
988	0.087734488
989	0.13625731
990	0.091520468
991	0.130994152
992	0.094152047
993	0.087734488
994	0.133625731
995	0.096783626
996	0.142279942
997	0.080994152
998	0.102046784
999	0.091737892
1000	0.100721501
1001	0.10994152
1002	0.07994228
1003	0.083625731
1004	0.128362573
1006	0.08625731
1007	0.10968661
1008	0.088888889
1009	0.104678363
1010	0.095526696
1011	0.077344877
1012	0.075730994
1013	0.080994152
1014	0.117836257
1015	0.147474747
1016	0.091520468
1017	0.078362573
1023	0.098124098
1024	0.125730994
1025	0.133625731
1026	0.077918425
1027	0.167836257
1028	0.107309942
1029	0.15994152
1030	0.096783626
1031	0.142279942
1032	0.078362573
1033	0.077344877
1034	0.10968661
1035	0.098124098
1036	0.099415205
1037	0.08625731
1038	0.163059163
1039	0.075730994
1040	0.112573099
1041	0.080994152
1042	0.094152047
1043	0.155266955
1044	0.152046784
1045	0.099415205
1046	0.094152047
1048	0.098124098
1049	0.104678363
1051	0.094152047
1052	0.094152047
1054	0.096783626
1055	0.08625731
1056	0.077344877
1057	0.088888889
1058	0.091520468
1060	0.08625731
1061	0.091520468
1063	0.080994152
1064	0.104678363
1066	0.102046784
1067	0.115204678
1068	0.087734488
1069	0.13625731
1070	0.129292929
1071	0.094152047
1072	0.087734488
1073	0.107309942
1074	0.095526696
1075	0.083625731
1076	0.083625731
1077	0.087734488
1078	0.108513709
1079	0.112573099
1080	0.075730994
1081	0.111111111
1082	0.104678363
1083	0.113708514
1084	0.08625731
1085	0.118903319
1086	0.104678363
1087	0.09033189
1088	0.083625731
1089	0.098124098
1090	0.125730994
1091	0.120467836
1092	0.099415205
1093	0.095407407
1094	0.143407407
1095	0.15994152
1096	0.117836257
1097	0.078917379
1098	0.105766526
1099	0.08625731
1100	0.112573099
1101	0.092929293
1102	0.083625731
1103	0.142279942
1104	0.085137085
1105	0.098124098
1106	0.083625731
1107	0.094152047
1108	0.102046784
1109	0.078362573
1110	0.125730994
1111	0.113708514
1112	0.128362573
1113	0.13019943
1114	0.120467836
1115	0.13625731
1116	0.088888889
1117	0.075730994
1118	0.120467836
1119	0.094152047
1120	0.104678363
1121	0.102046784
1122	0.078362573
1123	0.133625731
1124	0.099415205
1125	0.075730994
1126	0.107309942
1127	0.099430199
1128	0.113708514
1129	0.094152047
1130	0.112573099
1131	0.104678363
1132	0.173789174
1133	0.099415205
1134	0.083625731
1135	0.117836257
1136	0.102046784
1137	0.112573099
1138	0.098124098
1139	0.094152047
1140	0.08625731
1141	0.094152047
1142	0.078362573
1143	0.082539683
1144	0.104678363
1145	0.126695527
1146	0.10994152
1147	0.122507123
1148	0.083625731
1149	0.101994302
1150	0.088888889
1151	0.088888889
1152	0.103318903
1153	0.117836257
1154	0.080994152
1155	0.101994302
1156	0.128362573
1157	0.072150072
1158	0.08625731
1159	0.088888889
1160	0.080994152
1161	0.080994152
1162	0.094152047
1163	0.082539683
1164	0.113708514
1165	0.091520468
1166	0.130994152
1167	0.083625731
1168	0.122507123
1169	0.074747475
1170	0.08625731
1171	0.134487734
1172	0.088888889
1173	0.100721501
1174	0.091520468
1175	0.129292929
1176	0.092929293
1177	0.100721501
1178	0.073099415
1179	0.083625731
1180	0.096783626
1181	0.083625731
1182	0.096783626
1183	0.107309942
1184	0.102046784
1185	0.083625731
1186	0.13625731
1187	0.082539683
1188	0.092929293
1189	0.080994152
1190	0.094152047
1191	0.141209564
1192	0.120467836
1193	0.104678363
1194	0.078362573
1195	0.107309942
1196	0.094152047
1197	0.127635328
1198	0.091520468
1199	0.099415205
1200	0.074747475
1201	0.126695527
1202	0.16046176
1203	0.07994228
1204	0.085137085
1205	0.088888889
1206	0.08625731
1207	0.125730994
1208	0.123099415
1209	0.099415205
1210	0.125730994
1211	0.105916306
1212	0.077344877
1213	0.124098124
1214	0.091520468
1215	0.09033189
1216	0.094152047
1217	0.128362573
1218	0.104558405
1219	0.127635328
1220	0.104678363
1221	0.121500722
1222	0.116305916
1223	0.099415205
1224	0.075730994
1225	0.088888889
1226	0.088888889
1227	0.080994152
1228	0.080994152
1229	0.074747475
1230	0.107309942
1231	0.078362573
1232	0.103318903
1233	0.092929293
1234	0.073099415
1235	0.104678363
1236	0.131890332
1237	0.104678363
1238	0.142279942
1239	0.147474747
1240	0.165656566
1241	0.088888889
1242	0.094152047
1243	0.115204678
1244	0.085137085
1245	0.137891738
1246	0.081481481
1247	0.099415205
1248	0.083625731
1249	0.112573099
1250	0.115204678
1251	0.099415205
1252	0.123099415
1253	0.083625731
1254	0.077344877
1255	0.199422799
1256	0.121500722
1257	0.098124098
1258	0.114814815
1259	0.083625731
1260	0.134487734
1261	0.10994152
1262	0.08625731
1263	0.104678363
1264	0.096866097
1265	0.120467836
1266	0.094152047
1268	0.087734488
1269	0.104678363
1270	0.083625731
1271	0.118903319
1296	0.183625731
1297	0.175730994
1298	0.123099415
1299	0.096783626
1300	0.123099415
1301	0.094152047
1302	0.07994228
1303	0.129292929
1304	0.125730994
1305	0.196866097
1306	0.10994152
1307	0.101994302
1308	0.087734488
1309	0.073789174
1310	0.128362573
1311	0.16046176
1312	0.178362573
1313	0.15994152
1314	0.103318903
1315	0.123099415
1316	0.111111111
1317	0.078362573
1318	0.082539683
1319	0.078362573
1320	0.178643579
1321	0.133625731
1322	0.077344877
1323	0.075730994
1324	0.14045584
1325	0.080994152
1326	0.099415205
1327	0.078362573
1328	0.112573099
1329	0.096783626
1330	0.104678363
1331	0.094152047
1332	0.102046784
1333	0.091520468
1334	0.167836257
1335	0.137085137
1336	0.13625731
1337	0.080994152
1338	0.18625731
1339	0.152046784
1340	0.105916306
1341	0.083625731
1342	0.08625731
1343	0.115204678
1344	0.107309942
1345	0.095526696
1346	0.088888889
1347	0.094152047
1348	0.152669553
1349	0.09033189
1350	0.111111111
1351	0.149415205
1352	0.157309942
1353	0.080994152
1354	0.188888889
1355	0.091520468
1356	0.144152047
1357	0.121500722
1358	0.091520468
1359	0.10994152
1360	0.117836257
1361	0.10994152
1362	0.100721501
1363	0.073099415
1364	0.074747475
1365	0.075730994
1366	0.128362573
1367	0.099415205
1368	0.087734488
1369	0.115204678
1370	0.099415205
1371	0.144152047
1372	0.102046784
1373	0.09033189
1374	0.10994152
1375	0.163059163
1376	0.092740741
1377	0.107122507
1378	0.162573099
1379	0.111111111
1380	0.098124098
1381	0.165204678
1382	0.189033189
1383	0.13968254
1384	0.082539683
1385	0.089173789
1386	0.080994152
1387	0.10994152
1388	0.091520468
1389	0.100721501
1390	0.07994228
1391	0.10994152
1392	0.115204678
1393	0.092929293
1394	0.124098124
1395	0.120467836
1396	0.080994152
1397	0.09033189
1398	0.13625731
1399	0.15994152
1400	0.088888889
1401	0.157864358
1402	0.096783626
1404	0.080994152
1405	0.137085137
1406	0.168253968
1407	0.098124098
1408	0.074747475
1409	0.125730994
1410	0.125730994
1411	0.116305916
1412	0.102046784
1413	0.191520468
1414	0.099415205
1415	0.102046784
1416	0.104678363
1417	0.085137085
1418	0.105916306
1419	0.094152047
1420	0.094152047
1421	0.112573099
1422	0.091520468
1423	0.088888889
1424	0.096783626
1425	0.073099415
1426	0.131890332
1427	0.078362573
1430	0.08625731
1431	0.080994152
1432	0.10994152
1433	0.099415205
1434	0.130994152
1435	0.078362573
1436	0.085137085
1437	0.078362573
1438	0.124098124
1439	0.09033189
1440	0.085137085
1441	0.091520468
1442	0.107309942
1443	0.085137085
1444	0.085137085
1445	0.080994152
1446	0.107309942
1447	0.083625731
1448	0.078362573
1449	0.112573099
1450	0.113708514
1451	0.163059163
1452	0.080994152
1454	0.13968254
1455	0.080994152
1456	0.120467836
1457	0.120467836
1458	0.083625731
1459	0.121500722
1460	0.10994152
1461	0.099415205
1462	0.107309942
1463	0.096783626
1464	0.094152047
1465	0.088888889
1466	0.094152047
1467	0.091520468
1468	0.075730994
1469	0.152669553
1470	0.094152047
1471	0.080994152
1472	0.094152047
1473	0.103318903
1474	0.102046784
1475	0.107309942
1476	0.129292929
1477	0.094152047
1478	0.080994152
1479	0.083625731
1480	0.100721501
1481	0.07994228
1482	0.112573099
1483	0.083625731
1484	0.125730994
1485	0.094152047
1486	0.078362573
1487	0.117836257
1488	0.094152047
1489	0.078362573
1490	0.083625731
1491	0.080994152
1492	0.089173789
1493	0.083625731
1494	0.080994152
1495	0.08625731
1496	0.099415205
1497	0.088888889
1498	0.099415205
1499	0.091520468
1500	0.117836257
1501	0.087734488
1502	0.074074074
1503	0.074747475
1504	0.08625731
1505	0.092929293
1506	0.099415205
1508	0.126695527
1509	0.091520468
1510	0.078917379
1511	0.075730994
1512	0.115204678
1513	0.127635328
1514	0.07994228
1515	0.091520468
1516	0.08625731
1517	0.076740741
1518	0.112573099
1519	0.080994152
1521	0.130994152
1522	0.102046784
1523	0.08625731
1524	0.088888889
1525	0.145584046
1526	0.125730994
1527	0.078362573
1528	0.094152047
1529	0.100721501
1530	0.08625731
1531	0.117836257
1532	0.102046784
1533	0.131890332
1534	0.091520468
1535	0.099415205
1536	0.105916306
1537	0.078362573
1539	0.117836257
1540	0.077344877
1541	0.091520468
1542	0.087734488
1543	0.078917379
1544	0.183625731
1545	0.094152047
1546	0.087734488
1548	0.142279942
1550	0.091520468
1551	0.080994152
1552	0.123099415
1553	0.087734488
1554	0.080994152
1555	0.105916306
1556	0.100721501
1557	0.083625731
1558	0.125730994
1559	0.083625731
1560	0.117199391
1561	0.088888889
1562	0.09033189
1563	0.123099415
1564	0.144877345
1565	0.130994152
1566	0.099415205
1567	0.157864358
1568	0.115204678
1569	0.102046784
1570	0.107309942
1571	0.083625731
1572	0.099415205
1573	0.152669553
1574	0.144877345
1575	0.100721501
1576	0.134487734
1577	0.096783626
1578	0.083625731
1579	0.105916306
1580	0.10994152
1581	0.123099415
1582	0.137085137
1583	0.10994152
1584	0.113708514
1585	0.091520468
1586	0.111111111
1587	0.091520468
1588	0.080994152
1589	0.094152047
1590	0.075730994
1591	0.126695527
1592	0.158404558
1593	0.078362573
1594	0.09033189
1595	0.095526696
1596	0.131890332
1597	0.07994228
1598	0.078362573
1599	0.092929293
1600	0.083625731
1601	0.095526696
1602	0.091520468
1603	0.123099415
1604	0.080994152
1605	0.115204678
1606	0.096783626
1607	0.088888889
1608	0.07994228
1609	0.102046784
1611	0.120467836
1612	0.108513709
1613	0.138888889
1614	0.152046784
1615	0.144877345
1616	0.091520468
1617	0.099415205
1618	0.088888889
1619	0.134487734
1620	0.124098124
1621	0.077344877
1622	0.091520468
1623	0.107309942
1624	0.080994152
1625	0.092929293
1626	0.117836257
1627	0.104678363
1628	0.094152047
1630	0.157309942
1631	0.102046784
1632	0.147474747
1633	0.125730994
1634	0.120467836
1635	0.086609687
1636	0.07994228
1637	0.096783626
1638	0.095526696
1639	0.175730994
1640	0.096783626
1641	0.102046784
1642	0.149415205
1643	0.13625731
1644	0.099415205
1645	0.088888889
1646	0.104678363
1647	0.112573099
1648	0.083625731
1649	0.073099415
1650	0.091520468
1651	0.123099415
1652	0.104678363
1653	0.165656566
1654	0.102046784
1655	0.096783626
1656	0.121500722
1657	0.099415205
1658	0.095526696
1659	0.150712251
1660	0.094152047
1661	0.128362573
1662	0.126695527
1663	0.083625731
1664	0.080994152
1665	0.094152047
1666	0.112573099
1667	0.096783626
1668	0.077344877
1669	0.082539683
1670	0.078362573
1671	0.08625731
1672	0.121500722
1673	0.112573099
1674	0.096783626
1675	0.183625731
1676	0.075730994
1677	0.078362573
1678	0.089173789
1679	0.09033189
1680	0.083625731
1681	0.117836257
1682	0.128362573
1683	0.094152047
1684	0.098124098
1685	0.094152047
1686	0.102046784
1687	0.102046784
1688	0.117836257
1689	0.092929293
1690	0.142279942
1691	0.104678363
1692	0.147474747
1693	0.141520468
1694	0.094152047
1695	0.105916306
1696	0.155266955
1697	0.129292929
1698	0.125730994
1699	0.099415205
1700	0.09033189
1701	0.096783626
1702	0.111111111
1703	0.104678363
1704	0.083625731
1705	0.08625731
1706	0.120467836
1707	0.099415205
1708	0.088888889
1709	0.120467836
1710	0.102046784
1711	0.100721501
1712	0.094152047
1713	0.087734488
1714	0.115204678
1715	0.083625731
1716	0.08625731
1717	0.133625731
1718	0.099415205
1719	0.08625731
1720	0.08625731
1721	0.121500722
1722	0.085137085
1723	0.128362573
1724	0.099415205
1725	0.118903319
1726	0.094152047
1727	0.091520468
1728	0.102046784
1729	0.13968254
1730	0.08625731
1731	0.082539683
1732	0.073099415
1733	0.141520468
1734	0.08625731
1735	0.103318903
1736	0.095526696
1737	0.083625731
1739	0.103318903
1741	0.175730994
1743	0.100721501
1745	0.096783626
1746	0.080994152
1748	0.088888889
1750	0.098124098
1752	0.111111111
1754	0.128362573
1756	0.091520468
1758	0.099415205
1760	0.103407407
1762	0.075730994
1763	0.075730994
1765	0.083625731
1766	0.112250712
1767	0.096783626
1768	0.16046176
1769	0.096783626
1770	0.122074074
1771	0.07994228
1772	0.096783626
1773	0.138888889
1774	0.095526696
1775	0.080994152
1776	0.094152047
1777	0.13019943
1778	0.077344877
1779	0.104678363
1781	0.08625731
1782	0.104678363
1783	0.077344877
1784	0.080994152
1786	0.099415205
1788	0.105916306
1789	0.103318903
1791	0.125730994
1793	0.10994152
1794	0.154678363
1795	0.104678363
1796	0.112573099
1797	0.103318903
1798	0.115204678
1799	0.120467836
1802	0.091520468
1803	0.115204678
1805	0.207309942
1806	0.105916306
1808	0.147474747
1810	0.080994152
1811	0.111111111
1812	0.088888889
1813	0.118903319
1814	0.091520468
1815	0.078362573
1816	0.088888889
1817	0.077160494
1818	0.08625731
1819	0.080994152
1820	0.087734488
1821	0.104678363
1822	0.075730994
1823	0.115204678
1824	0.088888889
1825	0.088888889
1826	0.10994152
1827	0.105916306
1828	0.094152047
1829	0.088888889
1830	0.103318903
1831	0.088888889
1832	0.080994152
1833	0.082539683
1834	0.080994152
1835	0.115204678
1836	0.075730994
1837	0.133625731
1838	0.105766526
1839	0.107309942
1840	0.102046784
1841	0.125730994
1842	0.07994228
1843	0.08625731
1844	0.078362573
1845	0.094152047
1846	0.10994152
1847	0.102046784
1848	0.083625731
1849	0.096783626
1850	0.099415205
1851	0.133625731
1852	0.100721501
1853	0.133625731
1854	0.088888889
1855	0.088888889
1856	0.099415205
1857	0.099415205
1858	0.102046784
1859	0.099415205
1860	0.154678363
1861	0.083625731
1862	0.078362573
1863	0.098124098
1864	0.091520468
1865	0.091520468
1866	0.091520468
1867	0.112573099
1868	0.091737892
1869	0.096783626
1870	0.080994152
1871	0.094152047
1872	0.075730994
1873	0.083625731
1874	0.078362573
1875	0.10994152
1876	0.091520468
1877	0.120467836
1878	0.095526696
1879	0.078362573
1880	0.13625731
1881	0.080994152
1882	0.15007215
1883	0.095526696
1884	0.104678363
1885	0.094152047
1886	0.085137085
1889	0.157309942
1890	0.125730994
1891	0.094152047
1892	0.104678363
1893	0.096783626
1894	0.129292929
1895	0.074747475
1896	0.144152047
1897	0.095526696
1898	0.088888889
1899	0.096783626
1900	0.075730994
1901	0.09033189
1902	0.08625731
1903	0.125730994
1904	0.09033189
1905	0.099415205
1906	0.080994152
1907	0.16046176
1908	0.09033189
1909	0.091520468
1910	0.104678363
1911	0.146783626
1912	0.07994228
1913	0.080994152
1914	0.08625731
1915	0.102046784
1916	0.115204678
1917	0.125730994
1918	0.075730994
1919	0.157309942
1920	0.104678363
1921	0.094152047
1922	0.08625731
1923	0.123099415
1924	0.125730994
1925	0.091520468
1926	0.091520468
1927	0.09033189
1928	0.078362573
1929	0.08625731
1930	0.08625731
1931	0.100721501
1932	0.141520468
1933	0.080994152
1934	0.191630592
1935	0.078362573
1936	0.165656566
1938	0.091520468
1939	0.099415205
1940	0.073099415
1941	0.09033189
1942	0.083625731
1943	0.102046784
1944	0.088888889
1945	0.078362573
1946	0.091520468
1947	0.080994152
1948	0.083625731
1949	0.102046784
1950	0.078362573
1951	0.094152047
1952	0.095407407
1953	0.108513709
1954	0.087734488
1955	0.091520468
1956	0.147474747
1957	0.076353276
1958	0.075730994
1959	0.083625731
1960	0.117836257
1961	0.130994152
1962	0.104678363
1963	0.10994152
1964	0.124098124
1965	0.138888889
1966	0.103318903
1967	0.118903319
1968	0.08625731
1969	0.075730994
1970	0.075730994
1971	0.095526696
1972	0.094152047
1973	0.096783626
1974	0.088888889
1975	0.082539683
1976	0.080994152
1977	0.094152047
1978	0.080994152
1979	0.099415205
1980	0.078362573
1981	0.120467836
1982	0.120467836
1983	0.104678363
1984	0.133625731
1985	0.073789174
1986	0.123099415
1987	0.108513709
1988	0.080994152
1989	0.128362573
1990	0.088888889
1991	0.080994152
1992	0.091520468
1993	0.111111111
1994	0.175730994
1995	0.105916306
1996	0.107309942
1997	0.088888889
1998	0.096783626
1999	0.125730994
2000	0.094152047
2001	0.096783626
2002	0.155266955
2003	0.133625731
2004	0.082539683
2005	0.100721501
2006	0.091520468
2007	0.098124098
2008	0.13625731
2009	0.13625731
2010	0.078362573
2011	0.082539683
2012	0.094152047
2013	0.073099415
2014	0.10994152
2015	0.072150072
2016	0.183838384
2017	0.10994152
2018	0.088888889
2019	0.112573099
2020	0.13019943
2021	0.085137085
2022	0.107309942
2023	0.129292929
2024	0.13968254
2025	0.155266955
2026	0.123099415
2027	0.117836257
2028	0.113708514
2029	0.091737892
2030	0.100721501
2031	0.098074074
2032	0.091520468
2033	0.099259259
2034	0.10994152
2035	0.082539683
2036	0.104558405
2037	0.10994152
2038	0.117836257
2039	0.107122507
2040	0.080994152
2041	0.107309942
2042	0.078362573
2043	0.091520468
2044	0.082539683
2045	0.083625731
2046	0.083625731
2047	0.07994228
2048	0.115204678
2049	0.082539683
2050	0.102046784
2051	0.083625731
2052	0.096783626
2053	0.08625731
2054	0.073099415
2055	0.094152047
2056	0.09033189
2057	0.13625731
2058	0.085137085
2059	0.083625731
2060	0.100721501
2061	0.112573099
2062	0.113708514
2063	0.133625731
2064	0.123099415
2065	0.113708514
2066	0.103407407
2067	0.077344877
2068	0.075730994
2069	0.115204678
2070	0.082539683
2071	0.10994152
2072	0.09033189
2073	0.123099415
2074	0.173099415
2075	0.082539683
2076	0.083625731
2077	0.077344877
2078	0.128362573
2079	0.133625731
2080	0.088888889
2081	0.083625731
2082	0.088888889
2083	0.083625731
2084	0.075730994
2085	0.125730994
2086	0.113708514
2087	0.08625731
2088	0.078917379
2090	0.107309942
2091	0.137085137
2093	0.08625731
2094	0.152669553
2095	0.088888889
2096	0.083625731
2097	0.07994228
2098	0.091520468
2099	0.083625731
2100	0.103318903
2101	0.129292929
2102	0.088888889
2103	0.08625731
2104	0.092929293
2105	0.088888889
2106	0.08625731
2107	0.123099415
2108	0.074747475
2109	0.095526696
2110	0.07994228
2111	0.095526696
2112	0.100721501
2113	0.096604938
2114	0.104678363
2115	0.091520468
2116	0.088888889
2117	0.07994228
2118	0.085137085
2119	0.08625731
2120	0.131890332
2121	0.08625731
2122	0.134487734
2123	0.100721501
2124	0.08625731
2125	0.104678363
2126	0.083625731
2127	0.104678363
2128	0.112573099
2129	0.099415205
2130	0.092929293
2131	0.08625731
2132	0.123099415
2133	0.080994152
2134	0.080994152
2135	0.119407407
2136	0.102046784
2137	0.154678363
2138	0.104678363
2139	0.104678363
2140	0.115204678
2141	0.10994152
2142	0.08625731
2143	0.099415205
2144	0.088888889
2145	0.087734488
2146	0.091520468
2147	0.087734488
2148	0.08625731
2149	0.102046784
2150	0.104678363
2151	0.089173789
2152	0.083625731
2153	0.096783626
2154	0.096783626
2155	0.096783626
2156	0.080994152
2157	0.123099415
2158	0.104678363
2159	0.095526696
2160	0.080994152
2161	0.099415205
2162	0.07994228
2163	0.107309942
2164	0.091520468
2165	0.115204678
2166	0.111111111
2167	0.08625731
2168	0.088888889
2169	0.134487734
2170	0.098124098
2171	0.144152047
2172	0.088888889
2173	0.100721501
2174	0.129292929
2175	0.112573099
2176	0.098124098
2177	0.117836257
2178	0.088888889
2179	0.094152047
2180	0.083625731
2181	0.080994152
2182	0.120467836
2183	0.08625731
2184	0.157309942
2185	0.091520468
2186	0.078362573
2187	0.091520468
2188	0.107309942
2189	0.088888889
2190	0.075730994
2191	0.07994228
2192	0.130994152
2193	0.102046784
2194	0.10994152
2195	0.083625731
2196	0.095526696
2197	0.088888889
2198	0.095526696
2199	0.099415205
2200	0.08625731
2201	0.095526696
2202	0.083625731
2203	0.107309942
2204	0.108513709
2205	0.08625731
2206	0.075730994
2207	0.08625731
2208	0.075730994
2209	0.078362573
2210	0.08625731
2211	0.128362573
2212	0.078362573
2213	0.104678363
2214	0.080994152
2215	0.099415205
2216	0.107309942
2217	0.074747475
2218	0.128362573
2219	0.08625731
2220	0.094152047
2221	0.144877345
2222	0.09033189
2223	0.085137085
2224	0.099415205
2225	0.088888889
2226	0.162573099
2227	0.152046784
2228	0.096783626
2229	0.096866097
2230	0.09033189
2231	0.073099415
2232	0.09033189
2233	0.088888889
2234	0.152046784
2235	0.112573099
2236	0.124098124
2237	0.083625731
2238	0.08625731
2239	0.091520468
2240	0.102046784
2241	0.107309942
2242	0.120467836
2243	0.133625731
2244	0.095526696
2245	0.080994152
2246	0.155266955
2247	0.133625731
2248	0.104678363
2249	0.103318903
2250	0.117836257
2251	0.10994152
2252	0.078362573
2253	0.117836257
2254	0.077344877
2255	0.082539683
2256	0.095526696
2257	0.13625731
2258	0.09033189
2259	0.099415205
2260	0.129292929
2261	0.125730994
2262	0.13968254
2263	0.104558405
2264	0.098124098
2265	0.091520468
2266	0.091737892
2267	0.104678363
2268	0.099415205
2269	0.119407407
2270	0.144877345
2271	0.073099415
2272	0.131890332
2273	0.091520468
2274	0.104678363
2275	0.111111111
2276	0.094152047
2277	0.091520468
2278	0.115893108
2279	0.120467836
2280	0.085137085
2281	0.144877345
2282	0.077344877
2283	0.099415205
2284	0.100721501
2285	0.098124098
2286	0.09033189
2287	0.078362573
2288	0.085137085
2289	0.091520468
2290	0.092929293
2291	0.102046784
2292	0.080994152
2293	0.092929293
2294	0.168253968
2295	0.112573099
2296	0.094152047
2297	0.108513709
2298	0.096783626
2299	0.117836257
2300	0.07994228
2301	0.142279942
2302	0.146783626
2303	0.105916306
2304	0.10994152
2305	0.163059163
2306	0.133625731
2307	0.155266955
2308	0.125730994
2309	0.113708514
2312	0.096783626
2313	0.080994152
2314	0.08625731
2315	0.091520468
2316	0.094152047
2317	0.128362573
2318	0.102046784
2319	0.115204678
2320	0.137085137
2321	0.108513709
2322	0.112573099
2323	0.128362573
2324	0.08625731
2325	0.094152047
2326	0.083625731
2327	0.095526696
2328	0.082539683
2329	0.126695527
2330	0.099415205
2331	0.078362573
2332	0.091520468
2333	0.112573099
2334	0.091520468
2335	0.157864358
2336	0.102046784
2337	0.194301994
2338	0.102046784
2339	0.092929293
2340	0.170851371
2341	0.186435786
2342	0.144877345
2343	0.103318903
2344	0.094152047
2345	0.099415205
2346	0.125730994
2347	0.095526696
2348	0.130074074
2349	0.075730994
2350	0.107309942
2368	0.117836257
2369	0.133625731
2370	0.104678363
2371	0.196825397
2372	0.112573099
2373	0.120467836
2374	0.078362573
2375	0.120467836
2376	0.144877345
2377	0.096783626
2378	0.079407407
2379	0.115204678
2380	0.130074074
2381	0.102046784
2382	0.120467836
2383	0.154678363
2384	0.104678363
2385	0.116305916
2386	0.131890332
2387	0.104678363
2388	0.173099415
2389	0.099415205
2390	0.120467836
2391	0.112573099
2392	0.142279942
2393	0.125071225
2394	0.120467836
2395	0.112573099
2396	0.098124098
2397	0.104678363
2398	0.088888889
2399	0.20981241
2400	0.186435786
2401	0.075730994
2402	0.137085137
2403	0.094152047
2404	0.212250712
2405	0.118903319
2406	0.101994302
2407	0.078362573
2408	0.128362573
2409	0.104678363
2410	0.176046176
2411	0.125730994
2412	0.168253968
2413	0.103318903
2414	0.116305916
2415	0.129292929
2416	0.08625731
2417	0.096783626
2418	0.157864358
2419	0.091520468
2420	0.117836257
2421	0.10994152
2422	0.123099415
2423	0.100721501
2424	0.123099415
2425	0.148804501
2426	0.099415205
2427	0.144152047
2428	0.078362573
2429	0.098074074
2430	0.116305916
2431	0.091737892
2432	0.124098124
2433	0.100721501
2434	0.138888889
2435	0.081481481
2436	0.114814815
2437	0.104678363
2438	0.16046176
2439	0.126695527
2440	0.081481481
2441	0.149415205
2442	0.094301994
2443	0.181240981
2444	0.078362573
2445	0.077344877
2446	0.08625731
2447	0.154678363
2448	0.103318903
2449	0.102046784
2450	0.096783626
2451	0.088888889
2452	0.098124098
2453	0.168253968
2454	0.207215007
2455	0.10994152
2456	0.147474747
2457	0.149415205
2458	0.152046784
2459	0.082539683
2460	0.135327635
2461	0.095526696
2462	0.118903319
2463	0.096783626
2464	0.13625731
2465	0.117836257
2466	0.087734488
2467	0.103318903
2468	0.118903319
2469	0.170467836
2470	0.098074074
2471	0.189033189
2472	0.165204678
2473	0.165204678
2474	0.128362573
2475	0.114814815
2476	0.118903319
2477	0.107122507
2478	0.098124098
2479	0.08625731
2480	0.102046784
2481	0.141520468
2482	0.18625731
2483	0.149415205
2484	0.082539683
2485	0.108513709
2486	0.092929293
2486.1	0.100721501
2487	0.123099415
2488	0.191630592
2489	0.096783626
2490	0.123099415
2491	0.102046784
2492	0.130994152
2493	0.181481481
2494	0.114814815
2495	0.115204678
2496	0.144152047
2497	0.099415205
2498	0.102046784
2499	0.152046784
2500	0.108513709
2501	0.099415205
2502	0.102046784
2503	0.112573099
2504	0.112573099
2505	0.087734488
2506	0.105916306
2507	0.107309942
2508	0.080994152
2509	0.074747475
2510	0.107309942
2511	0.120467836
2512	0.08625731
2513	0.115204678
2514	0.094152047
2515	0.144877345
2516	0.099415205
2517	0.08625731
2518	0.180994152
2519	0.075730994
2520	0.130994152
2521	0.133625731
2522	0.173099415
2523	0.178643579
2524	0.092929293
2525	0.257309942
2526	0.102046784
2527	0.129292929
2528	0.170851371
2529	0.123099415
2530	0.107309942
2531	0.104678363
2532	0.080994152
2533	0.212409812
2534	0.163059163
2535	0.199422799
2536	0.199422799
2537	0.130994152
2538	0.08625731
2539	0.099415205
2540	0.131890332
2541	0.155266955
2542	0.092929293
2543	0.107309942
2544	0.112573099
2545	0.112573099
2546	0.196783626
2547	0.16046176
2548	0.08625731
2549	0.133625731
2550	0.20981241
2551	0.128362573
2552	0.178362573
2553	0.115893108
2554	0.10994152
2555	0.082074074
2556	0.080994152
2557	0.103318903
2558	0.202046784
2559	0.091520468
2560	0.104678363
2561	0.102046784
2562	0.096866097
2563	0.104678363
2564	0.10994152
2565	0.107309942
2566	0.144877345
2567	0.07994228
2568	0.141520468
2569	0.149415205
2570	0.096783626
2571	0.13968254
2572	0.096783626
2573	0.121500722
2574	0.16046176
2575	0.09033189
2576	0.082539683
2577	0.088888889
2578	0.117836257
2579	0.133625731
2580	0.115204678
2581	0.189173789
2582	0.096783626
2583	0.144152047
2584	0.152669553
2585	0.103318903
2586	0.147474747
2587	0.126695527
2588	0.083625731
2589	0.147474747
2590	0.170467836
2591	0.144877345
2592	0.092929293
2593	0.13968254
2594	0.086609687
2595	0.13625731
2596	0.13625731
2597	0.165204678
2598	0.105916306
2599	0.102046784
2600	0.13625731
2601	0.124098124
2602	0.107309942
2603	0.181240981
2604	0.123099415
2605	0.180994152
2606	0.101994302
2607	0.146783626
2608	0.162573099
2609	0.115204678
2610	0.10994152
2611	0.128362573
2612	0.178362573
2613	0.078362573
2614	0.146783626
2614.1	0.128362573
2614.2	0.141520468
2615	0.124098124
2616	0.103318903
2617	0.094152047
2618	0.099415205
2619	0.130994152
2620	0.180994152
2621	0.113708514
2622	0.160968661
2623	0.180994152
2624	0.217836257
2625	0.142279942
2626	0.149415205
2627	0.165204678
2628	0.092929293
2628.1	0.092929293
2629	0.130994152
2630	0.120467836
2631	0.082539683
2632	0.104678363
2633	0.078362573
2634	0.10994152
2635	0.129292929
2636	0.111111111
2637	0.149415205
2638	0.107309942
2639	0.083625731
2640	0.115204678
2641	0.082539683
2642	0.117836257
2643	0.117836257
2644	0.112573099
2645	0.096783626
2646	0.108513709
2647	0.104678363
2648	0.128362573
2649	0.112573099
2650	0.10968661
2651	0.085137085
2652	0.125730994
2653	0.100721501
2654	0.085137085
2655	0.121500722
2656	0.095526696
2657	0.16046176
2658	0.107309942
2659	0.121500722
2660	0.10994152
2661	0.10994152
2662	0.104678363
2663	0.13625731
2664	0.144877345
2665	0.111111111
2666	0.102046784
2667	0.083625731
2668	0.175730994
2669	0.096783626
2670	0.10994152
2671	0.107309942
2672	0.094152047
2673	0.088888889
2674	0.10994152
2675	0.102046784
2676	0.094152047
2677	0.10968661
2678	0.099415205
2679	0.131890332
2680	0.089173789
2681	0.102046784
2682	0.117836257
2683	0.102046784
2684	0.13968254
2685	0.13625731
2686	0.130994152
2687	0.09033189
2688	0.173448773
2689	0.094152047
2690	0.204678363
2691	0.133625731
2692	0.102046784
2693	0.084045584
2694	0.123099415
2695	0.092929293
2696	0.087734488
2697	0.107309942
2697.1	0.10994152
2698	0.087734488
2699	0.13968254
2700	0.080994152
2701	0.167836257
2702	0.08625731
2703	0.128362573
2704	0.091520468
2705	0.102046784
2706	0.100721501
2707	0.091520468
2708	0.102046784
2709	0.163059163
2710	0.088888889
2711	0.125730994
2712	0.103318903
2713	0.102046784
2714	0.091520468
2715	0.096783626
2716	0.145584046
2717	0.144152047
2718	0.094152047
2719	0.123099415
2720	0.098124098
2721	0.157309942
2722	0.08625731
2723	0.105916306
2724	0.115204678
2725	0.124098124
2726	0.091520468
2727	0.124098124
2728	0.137085137
2729	0.101994302
2730	0.102046784
2731	0.07994228
2732	0.087734488
2733	0.087734488
2734	0.087734488
2735	0.107309942
2736	0.150712251
2737	0.128362573
2738	0.111111111
2739	0.112573099
2740	0.094152047
2741	0.129292929
2742	0.091737892
2743	0.078917379
2743.1	0.078917379
2744	0.178362573
2745	0.145584046
2746	0.083625731
2747	0.074747475
2748	0.130994152
2749	0.144152047
2750	0.094152047
2751	0.083625731
2752	0.145584046
2753	0.095526696
2754	0.102046784
2755	0.083625731
2756	0.100703235
2757	0.102046784
2758	0.262573099
2759	0.088888889
2760	0.07994228
2761	0.22020202
2762	0.10994152
2763	0.13625731
2764	0.175730994
2765	0.13968254
2766	0.123099415
2767	0.088045007
2768	0.09033189
2769	0.144152047
2770	0.105916306
2771	0.087734488
2772	0.113708514
2773	0.083625731
2774	0.141520468
2775	0.112573099
2776	0.091520468
2777	0.082539683
2778	0.147474747
2779	0.167836257
2780	0.144152047
2781	0.128362573
2782	0.088888889
2783	0.120467836
2784	0.091737892
2785	0.176046176
2786	0.144877345
2787	0.150712251
2788	0.152046784
2789	0.116305916
2790	0.121500722
2791	0.111111111
2792	0.112250712
2793	0.152046784
2794	0.150712251
2795	0.13625731
2796	0.080994152
2797	0.073099415
2798	0.111111111
2799	0.103318903
2800	0.085137085
2801	0.091520468
2802	0.202046784
2802.1	0.196783626
2803	0.096783626
2804	0.102046784
2805	0.100721501
2806	0.118903319
2807	0.113708514
2808	0.102046784
2809	0.142279942
2810	0.092929293
2811	0.107309942
2812	0.125730994
2813	0.085137085
2814	0.13625731
2815	0.154678363
2816	0.233189033
2817	0.157864358
2818	0.096783626
2819	0.094152047
2820	0.088888889
2821	0.098124098
2822	0.087734488
2823	0.091520468
2824	0.112573099
2825	0.099415205
2826	0.115204678
2827	0.189033189
2828	0.147474747
2829	0.155266955
2830	0.080994152
2831	0.078362573
2832	0.083625731
2833	0.099415205
2834	0.111407407
2835	0.128362573
2836	0.102046784
2837	0.104678363
2838	0.112573099
2839	0.089173789
2840	0.170467836
2841	0.083625731
2842	0.202020202
2843	0.146783626
2844	0.165204678
2845	0.115204678
2846	0.157864358
2847	0.100703235
2848	0.100721501
2849	0.117836257
2850	0.120467836
2851	0.146272855
2852	0.113708514
2853	0.157309942
2854	0.138888889
2855	0.11994302
2856	0.125071225
2857	0.152669553
2858	0.10994152
2859	0.108513709
2860	0.13625731
2861	0.118903319
2861.1	0.116305916
2862	0.176046176
2863	0.152669553
2864	0.096783626
2865	0.118903319
2866	0.167836257
2867	0.104678363
2868	0.117836257
2869	0.144877345
2870	0.08625731
2871	0.108513709
2872	0.173099415
2873	0.091520468
2874	0.130994152
2875	0.167836257
2876	0.118903319
2877	0.130994152
2878	0.138888889
2879	0.120467836
2880	0.102046784
2881	0.128362573
2882	0.154678363
2883	0.102046784
2884	0.096783626
2885	0.157309942
2886	0.095526696
2887	0.149415205
2888	0.142279942
2889	0.13019943
2890	0.094152047
2891	0.078917379
2892	0.146783626
2893	0.125071225
2894	0.223099415
2895	0.118903319
2896	0.134487734
2897	0.09033189
2898	0.144152047
2899	0.103318903
2900	0.175730994
2901	0.123099415
2902	0.22020202
2903	0.125730994
2904	0.116305916
2905	0.105916306
2906	0.124098124
2907	0.157309942
2908	0.128362573
2909	0.145584046
2910	0.186435786
2911	0.176353276
2912	0.102046784
2913	0.09033189
2914	0.13625731
2915	0.092929293
2916	0.10994152
2917	0.102046784
2918	0.087734488
2919	0.092929293
2920	0.191737892
2921	0.196825397
2922	0.121500722
2923	0.09033189
2924	0.144877345
2925	0.142279942
2926	0.144152047
2927	0.128362573
2928	0.152046784
2929	0.103318903
2930	0.108513709
2931	0.115204678
2932	0.176046176
2933	0.126695527
2934	0.095526696
2935	0.096783626
2936	0.152669553
2937	0.15994152
2938	0.128362573
2939	0.16046176
2940	0.107309942
2941	0.144152047
2942	0.092929293
2943	0.103318903
2944	0.178362573
2945	0.085137085
2946	0.09033189
2947	0.149415205
2948	0.088888889
2949	0.130994152
2950	0.115204678
2951	0.099415205
2952	0.181481481
2953	0.146783626
2954	0.180994152
2955	0.140740741
2956	0.099415205
2957	0.107309942
2958	0.10994152
2959	0.085137085
2960	0.13968254
2961	0.162573099
2962	0.126695527
2963	0.154678363
2964	0.111111111
2965	0.112573099
2966	0.180994152
2967	0.147474747
2968	0.13625731
2969	0.199415205
2970	0.167836257
2971	0.133625731
2972	0.204678363
2973	0.118903319
2974	0.123099415
2975	0.120467836
2976	0.108513709
2977	0.180994152
2978	0.074747475
2979	0.099415205
2980	0.104678363
2981	0.120467836
2982	0.13968254
2983	0.130994152
2984	0.149415205
2985	0.112573099
2985.1	0.120467836
2986	0.170467836
2987	0.152046784
2988	0.10994152
2989	0.13968254
2990	0.091520468
2991	0.101994302
2992	0.091520468
2993	0.094152047
2994	0.123099415
2995	0.088888889
2996	0.128362573
2997	0.091520468
2998	0.141209564
2998.1	0.126019691
2999	0.132763533
3000	0.117836257
3001	0.083625731
3002	0.091520468
3003	0.102046784
3004	0.094152047
3005	0.113708514
3006	0.077918425
3007	0.08625731
3008	0.088888889
3009	0.096783626
3010	0.104678363
3011	0.120467836
3012	0.175730994
3013	0.13625731
3014	0.094152047
3015	0.162573099
3016	0.137085137
3017	0.105916306
3018	0.087734488
3019	0.15994152
3020	0.155266955
3021	0.107309942
3022	0.178643579
3023	0.099430199
3024	0.107309942
3025	0.15994152
3026	0.096783626
3027	0.105916306
3028	0.170467836
3029	0.10968661
3030	0.128362573
3031	0.144877345
3032	0.100721501
3033	0.096783626
3034	0.137085137
3035	0.113708514
3036	0.170851371
3037	0.094301994
3038	0.086609687
3039	0.103318903
3040	0.107309942
3041	0.092929293
3042	0.146783626
3043	0.112573099
3044	0.105916306
3045	0.138888889
3046	0.131890332
3047	0.188888889
3048	0.08625731
3049	0.10968661
3050	0.115204678
3051	0.154678363
3052	0.144877345
3053	0.173448773
3054	0.225396825
3055	0.220467836
3056	0.104678363
3057	0.126695527
3058	0.163059163
3059	0.104678363
3060	0.167836257
3061	0.091520468
3062	0.144152047
3063	0.078362573
3064	0.122507123
3065	0.173448773
3066	0.091520468
3067	0.094152047
3068	0.138888889
3069	0.083625731
3070	0.077344877
3071	0.138888889
3072	0.08625731
3073	0.121500722
3074	0.163532764
3075	0.105916306
3076	0.07994228
3077	0.094152047
3078	0.154678363
3079	0.083625731
3080	0.083625731
3081	0.092929293
3082	0.116305916
3083	0.181240981
3084	0.16046176
3085	0.117836257
3086	0.104678363
3087	0.144152047
3088	0.146783626
3089	0.16046176
3090	0.111111111
3091	0.134487734
3092	0.154678363
3093	0.111111111
3094	0.107309942
3095	0.096783626
3096	0.147474747
3097	0.08625731
3098	0.115204678
3099	0.120467836
3100	0.162573099
3101	0.099415205
3102	0.091520468
3103	0.091520468
3104	0.144152047
3105	0.098124098
3106	0.104678363
3107	0.107309942
3108	0.102046784
3109	0.202046784
3110	0.100721501
3111	0.15994152
3112	0.141520468
3113	0.08625731
3114	0.142279942
3115	0.13625731
3116	0.113708514
3117	0.115204678
3118	0.088888889
3119	0.092929293
3120	0.117836257
3121	0.107309942
3122	0.113708514
3123	0.138888889
3124	0.130994152
3125	0.088888889
3126	0.112573099
3127	0.104678363
3128	0.116305916
3129	0.120467836
3130	0.147474747
3131	0.144152047
3132	0.091520468
3133	0.146783626
3134	0.135327635
3135	0.082539683
3136	0.091520468
3137	0.137085137
3138	0.120467836
3139	0.15994152
3140	0.145584046
3141	0.099415205
3142	0.096783626
3143	0.088888889
3144	0.165204678
3145	0.104678363
3146	0.215204678
3147	0.137085137
3148	0.123099415
3149	0.102046784
3150	0.094152047
3151	0.077344877
3152	0.094152047
3153	0.099415205
3154	0.098124098
3155	0.096866097
3156	0.085137085
3157	0.128362573
3158	0.133625731
3159	0.128362573
3160	0.087734488
3161	0.115204678
3162	0.204678363
3163	0.138888889
3164	0.100721501
3165	0.094152047
3166	0.077344877
3167	0.123099415
3168	0.173099415
3169	0.085137085
3170	0.121500722
3171	0.175730994
3172	0.167836257
3173	0.141520468
3174	0.134487734
3175	0.20981241
3176	0.125730994
3177	0.084045584
3178	0.130994152
3179	0.165204678
3180	0.144152047
3181	0.096783626
3182	0.228362573
3183	0.13625731
3184	0.098124098
3185	0.108513709
3186	0.102046784
3187	0.078362573
3188	0.072150072
3189	0.131890332
3190	0.077344877
3191	0.149415205
3192	0.080994152
3193	0.094152047
3194	0.123099415
3195	0.078362573
3196	0.138888889
3197	0.088888889
3198	0.076353276
3199	0.078362573
3200	0.16046176
3201	0.094152047
3202	0.077344877
3203	0.087734488
3204	0.149415205
3205	0.08045007
3206	0.08625731
3207	0.107309942
3208	0.116305916
3209	0.152669553
3210	0.107309942
3211	0.138888889
3212	0.123099415
3213	0.08625731
3214	0.080994152
3215	0.128362573
3216	0.096783626
3217	0.100721501
3218	0.124098124
3219	0.168253968
3220	0.078362573
3224	0.088888889
3226	0.125730994
3228	0.123099415
3229	0.096783626
3231	0.10994152
3235	0.114074074
3238	0.084045584
3241	0.095526696
3244	0.165656566
3246	0.138888889
3249	0.134487734
3251	0.191520468
3252	0.083625731
3254	0.087734488
3256	0.163059163
3257	0.126695527
3259	0.115893108
3261	0.13625731
3262	0.123099415
3264	0.105916306
3265	0.138888889
3267	0.141520468
3269	0.146783626
3271	0.220467836
3273	0.09033189
3275	0.175730994
3277	0.120467836
3279	0.096783626
3282	0.117836257
3283	0.112573099
3285	0.104678363
3287	0.100721501
3290	0.173099415
3292	0.083625731
3294	0.107309942
3296	0.094152047
3298	0.095526696
3304	0.103318903
3306	0.132763533
3308	0.096783626
3311	0.092929293
3313	0.085137085
3315	0.102046784
3316	0.085137085
3317	0.085137085
3319	0.102046784
3320	0.14045584
3321	0.078362573
3322	0.094152047
3325	0.138888889
3328	0.164740741
3334	0.120467836
3337	0.120467836
3338	0.080994152
3340	0.117836257
3341	0.104678363
3342	0.08625731
3343	0.08625731
3345	0.163059163
3347	0.138888889
3348	0.083625731
3349	0.080994152
3350	0.111111111
3351	0.15994152
3352	0.088888889
3353	0.083625731
3354	0.128362573
3355	0.082539683
3356	0.130994152
3357	0.102046784
3358	0.130994152
3358.1	0.144152047
3358.2	0.152046784
3359	0.103318903
3360	0.103318903
3361	0.155266955
3362	0.152046784
3362.1	0.141520468
3363	0.096783626
3364	0.098124098
3365	0.13625731
3366	0.088888889
3367	0.134487734
3368	0.098124098
3369	0.099415205
3370	0.137085137
3371	0.104678363
3372	0.133625731
3373	0.10994152
3374	0.083625731
3375	0.103318903
3376	0.120467836
3376.1	0.115204678
3377	0.091520468
3378	0.08625731
3379	0.102046784
3380	0.07994228
3381	0.096783626
3382	0.128362573
3383	0.107309942
3384	0.088888889
3385	0.123099415
3386	0.094152047
3387	0.092929293
3388	0.117836257
3389	0.120467836
3390	0.107309942
3391	0.144152047
3392	0.176046176
3393	0.173448773
3394	0.165204678
3395	0.115204678
3396	0.102046784
3397	0.104678363
3398	0.099415205
3399	0.08625731
3400	0.120467836
3401	0.085137085
3402	0.123099415
3403	0.112573099
3404	0.138888889
3405	0.091520468
3405.1	0.08625731
3406	0.094152047
3407	0.088888889
3408	0.096783626
3409	0.123099415
3410	0.165204678
3411	0.117836257
3412	0.115204678
3413	0.08625731
3414	0.123099415
3415	0.117836257
3416	0.091520468
3417	0.08625731
3418	0.098124098
3419	0.150793651
3420	0.08625731
3421	0.123099415
3422	0.105916306
3423	0.11994302
3424	0.107309942
3425	0.128362573
3426	0.112573099
3427	0.120467836
3428	0.083625731
3429	0.100721501
3430	0.098124098
3431	0.094152047
3432	0.096783626
3433	0.089173789
3434	0.117836257
3435	0.152669553
3436	0.117836257
3437	0.085137085
3438	0.113708514
3439	0.117836257
3440	0.092929293
3441	0.138888889
3442	0.091520468
3443	0.125730994
3444	0.091520468
3445	0.090074074
3446	0.130994152
3447	0.102046784
3448	0.112573099
3449	0.133625731
3450	0.08625731
3451	0.094152047
3452	0.124098124
3453	0.123099415
3454	0.08625731
3455	0.088888889
3456	0.102046784
3457	0.125730994
3458	0.096783626
3459	0.120467836
3460	0.115204678
3461	0.112250712
3462	0.094152047
3463	0.112573099
3464	0.112573099
3465	0.120467836
3466	0.157309942
3467	0.083625731
3468	0.094152047
3469	0.107309942
3470	0.102046784
3471	0.129292929
3472	0.131890332
3473	0.173099415
3474	0.103318903
3475	0.146783626
3476	0.104678363
3477	0.078917379
3478	0.107309942
3479	0.107309942
3480	0.103318903
3481	0.153276353
3482	0.217836257
3482.1	0.220467836
3483	0.130994152
3484	0.096783626
3485	0.108513709
3486	0.137085137
3487	0.107309942
3488	0.124098124
3489	0.094152047
3490	0.103318903
3491	0.117836257
3492	0.088888889
3493	0.107309942
3493.1	0.107309942
3494	0.15994152
3495	0.125730994
3496	0.134487734
3497	0.113708514
3498	0.118903319
3499	0.117836257
3500	0.125730994
3501	0.115204678
3502	0.102046784
3503	0.133625731
3504	0.130994152
3505	0.107309942
3506	0.168253968
3507	0.13625731
3508	0.088888889
3509	0.123099415
3510	0.130994152
3511	0.191520468
3512	0.157309942
3513	0.115204678
3514	0.102046784
3515	0.15994152
3516	0.096866097
3517	0.183625731
3518	0.115204678
3519	0.083625731
3520	0.146783626
3521	0.096783626
3522	0.158404558
3523	0.107309942
3524	0.113708514
3525	0.118903319
3526	0.154678363
3527	0.13625731
3528	0.157864358
3529	0.123099415
3530	0.115204678
3531	0.129292929
3532	0.115204678
3533	0.149415205
3534	0.083625731
3535	0.137891738
3536	0.111111111
3537	0.100721501
3537.1	0.105916306
3538	0.15994152
3539	0.118903319
3540	0.092929293
3541	0.141520468
3542	0.179184248
3543	0.117836257
3544	0.08625731
3545	0.096783626
3546	0.078362573
3547	0.112573099
3548	0.123099415
3549	0.115204678
3550	0.105916306
3551	0.134487734
3552	0.147474747
3553	0.107309942
3554	0.13625731
3555	0.099415205
3556	0.130994152
3557	0.146783626
3558	0.111111111
3559	0.102046784
3560	0.162573099
3561	0.091520468
3562	0.115204678
3563	0.128362573
3564	0.15994152
3565	0.099415205
3566	0.117836257
3567	0.111111111
3568	0.104678363
3569	0.096783626
3570	0.088888889
3571	0.112250712
3572	0.112573099
3573	0.078362573
3574	0.107309942
3575	0.104678363
3576	0.125730994
3577	0.15007215
3578	0.116305916
3579	0.125730994
3580	0.091520468
3581	0.107309942
3582	0.096783626
3583	0.092929293
3584	0.152669553
3585	0.130994152
3586	0.130994152
3587	0.096783626
3588	0.273099415
3589	0.105916306
3590	0.132763533
3591	0.176353276
3592	0.085137085
3593	0.083625731
3594	0.117836257
3595	0.087734488
3596	0.083625731
3597	0.091520468
3598	0.072150072
3599	0.080994152
3600	0.112573099
3601	0.112250712
3602	0.100721501
3603	0.10994152
3604	0.243578644
3605	0.107309942
3606	0.078362573
3607	0.104678363
3608	0.09033189
3609	0.078917379
3610	0.092929293
3611	0.091520468
3613	0.165204678
3614	0.088888889
3615	0.107309942
3616	0.096783626
3617	0.170851371
3618	0.144152047
3619	0.095526696
3620	0.091520468
3621	0.082539683
3622	0.094152047
3623	0.080994152
3624	0.108513709
3626	0.10994152
3628	0.105916306
3629	0.115204678
3630	0.085137085
3631	0.128362573
3632	0.073099415
3633	0.16046176
3634	0.118903319
3635	0.122507123
3636	0.078362573
3637	0.08625731
3638	0.116305916
3639	0.176046176
3640	0.165204678
3641	0.087734488
3642	0.07994228
3643	0.091520468
3644	0.078362573
3645	0.096783626
3646	0.08625731
3647	0.167836257
3648	0.083625731
3649	0.111111111
3650	0.170467836
3652	0.118903319
3653	0.098124098
3654	0.082539683
3655	0.073099415
3656	0.102046784
3657	0.125071225
3658	0.087734488
3659	0.088888889
3660	0.083625731
3661	0.107309942
3663	0.083625731
3664	0.076353276
3665	0.157864358
3666	0.09033189
3667	0.13968254
3668	0.129292929
3669	0.099430199
3670	0.130994152
3671	0.091520468
3672	0.077344877
3673	0.094152047
3674	0.096783626
3675	0.099415205
3676	0.08625731
3677	0.10994152
3678	0.196866097
3679	0.115204678
3680	0.115204678
3681	0.128362573
3682	0.099415205
3683	0.148148148
3684	0.124098124
3685	0.092929293
3686	0.163059163
3687	0.100721501
3689	0.086609687
3690	0.123099415
3692	0.10994152
3693	0.091520468
3695	0.157309942
3696	0.13625731
3697	0.107309942
3698	0.146783626
3699	0.083625731
3700	0.087734488
3701	0.08625731
3702	0.083625731
3703	0.130994152
3704	0.091520468
3705	0.08625731
3706	0.088888889
3707	0.09033189
3708	0.138888889
3709	0.120467836
3710	0.102046784
3711	0.149415205
3712	0.155266955
3713	0.08625731
3714	0.102046784
3715	0.170467836
3716	0.117836257
3717	0.123099415
3718	0.10968661
3719	0.104678363
3720	0.099415205
3721	0.095526696
3722	0.082539683
3723	0.138888889
3724	0.094152047
3725	0.117836257
3726	0.131890332
3727	0.154678363
3728	0.09033189
3729	0.189033189
3730	0.088888889
3731	0.144152047
3732	0.115204678
3733	0.115204678
3734	0.102046784
3735	0.131890332
3736	0.163059163
3737	0.146783626
3738	0.183625731
3739	0.103318903
3740	0.130994152
3741	0.078362573
3742	0.08625731
3743	0.13968254
3744	0.116305916
3745	0.13019943
3746	0.11994302
3747	0.075730994
3748	0.100721501
3749	0.099415205
3750	0.126695527
3751	0.134487734
3752	0.102046784
3753	0.175730994
3754	0.109233177
3755	0.178362573
3756	0.144152047
3757	0.163059163
3758	0.096783626
3759	0.168253968
3760	0.144152047
3761	0.102046784
3762	0.094152047
3763	0.125071225
3764	0.157309942
3765	0.094152047
3766	0.189033189
3767	0.107309942
3768	0.188888889
3769	0.082539683
3770	0.083625731
3771	0.125730994
3772	0.131890332
3773	0.133625731
3774	0.112573099
3775	0.173099415
3776	0.08625731
3777	0.10994152
3778	0.155266955
3779	0.091520468
3780	0.096783626
3781	0.125730994
3782	0.107309942
3783	0.099415205
3784	0.144877345
3785	0.170851371
3786	0.104678363
3787	0.091520468
3788	0.099415205
3789	0.078362573
3790	0.078362573
3792	0.078917379
3793	0.141520468
3794	0.102046784
3795	0.112250712
3796	0.107309942
3797	0.116305916
3798	0.091520468
3799	0.09033189
3800	0.15007215
3801	0.099415205
3802	0.078362573
3803	0.092929293
3804	0.123099415
3805	0.120467836
3806	0.114814815
3807	0.186435786
3808	0.120467836
3809	0.117836257
3810	0.098124098
3812	0.096783626
3813	0.108513709
3814	0.103318903
3815	0.111111111
3816	0.083625731
3817	0.104678363
3818	0.113708514
3819	0.124098124
3820	0.091520468
3821	0.103318903
3822	0.082539683
3823	0.082539683
3824	0.092929293
3825	0.107309942
3826	0.112250712
3827	0.080994152
3828	0.08625731
3829	0.096783626
3830	0.115204678
3831	0.112573099
3832	0.107309942
3833	0.107309942
3834	0.078362573
3835	0.099415205
3836	0.112573099
3837	0.105916306
3838	0.118903319
3839	0.085137085
3840	0.078362573
3841	0.086609687
3842	0.102046784
3843	0.080994152
3844	0.157309942
3845	0.105916306
3846	0.080994152
3847	0.094152047
3848	0.147474747
3849	0.094152047
3850	0.088888889
3851	0.111111111
3853	0.113708514
3854	0.103318903
3855	0.125730994
3856	0.102046784
3858	0.15007215
3859	0.149415205
3860	0.102046784
3861	0.104678363
3862	0.078362573
3863	0.091737892
3864	0.112573099
3865	0.115204678
3866	0.099415205
3867	0.099415205
3868	0.107309942
3869	0.07994228
3870	0.080994152
3871	0.100721501
3872	0.078362573
3873	0.103318903
3874	0.091520468
3876	0.116305916
3877	0.138888889
3881	0.08625731
3883	0.114074074
3887	0.099415205
3888	0.078362573
3889	0.138074074
3890	0.08625731
3891	0.089173789
3892	0.080994152
3893	0.096783626
3894	0.147474747
3895	0.134487734
3896	0.121500722
3897	0.08625731
3898	0.099382716
3899	0.141520468
3900	0.08625731
3901	0.09033189
3902	0.092929293
3903	0.10994152
3904	0.094152047
3905	0.116305916
3906	0.087734488
3908	0.08625731
3909	0.088888889
3910	0.091520468
3911	0.091520468
3912	0.10994152
3913	0.080994152
3914	0.130994152
3915	0.094152047
3916	0.091520468
3917	0.08625731
3918	0.083625731
3919	0.100721501
3920	0.149415205
3921	0.123099415
3922	0.09033189
3923	0.085137085
3924	0.099415205
3925	0.094152047
3926	0.098124098
3927	0.092929293
3928	0.152046784
3929	0.100721501
3930	0.08625731
3931	0.112573099
3932	0.095526696
3933	0.115204678
3934	0.104678363
3935	0.099430199
3936	0.096783626
3937	0.087734488
3938	0.107309942
3939	0.123099415
3940	0.146783626
3941	0.088888889
3942	0.125730994
3943	0.075730994
3944	0.13625731
3945	0.175730994
3946	0.092929293
3947	0.092929293
3948	0.15007215
3949	0.147474747
3950	0.178362573
3951	0.083625731
3952	0.103318903
3953	0.091520468
3954	0.096783626
3955	0.080994152
3956	0.09033189
3958	0.123099415
3959	0.108513709
3960	0.128362573
3961	0.123099415
3963	0.155266955
3964	0.102046784
3965	0.096783626
3966	0.083625731
3967	0.144877345
3968	0.099415205
3970	0.088888889
3971	0.080994152
3972	0.170467836
3974	0.196825397
3975	0.112573099
3976	0.095526696
3977	0.091520468
3979	0.165204678
3980	0.104678363
3981	0.152046784
3982	0.083625731
3983	0.080994152
3984	0.09033189
3986	0.147474747
3987	0.08625731
3988	0.092929293
3989	0.137085137
3990	0.09033189
3992	0.077344877
3994	0.077344877
3995	0.115204678
3996	0.088888889
3997	0.10994152
3998	0.100721501
3999	0.131890332
4001	0.103318903
4002	0.10994152
4004	0.09033189
4005	0.104678363
4007	0.095526696
4009	0.134487734
4010	0.091520468
4012	0.112573099
4013	0.130994152
4014	0.117378917
4015	0.133625731
4016	0.147474747
4017	0.085137085
4018	0.080994152
4019	0.146783626
4020	0.160968661
4021	0.099415205
4022	0.113708514
4023	0.096783626
4024	0.088888889
4025	0.092929293
4027	0.126695527
4028	0.099430199
4029	0.076353276
4030	0.078362573
4031	0.112573099
4032	0.076353276
4033	0.078362573
4034	0.087734488
4035	0.080994152
4036	0.104678363
4037	0.116305916
4038	0.098124098
4039	0.095526696
4040	0.085137085
4041	0.073099415
4042	0.088888889
4043	0.091520468
4044	0.102046784
4045	0.128362573
4046	0.104678363
4047	0.104678363
4048	0.155266955
4049	0.137891738
4050	0.07994228
4051	0.08625731
4052	0.07994228
4053	0.118903319
4054	0.078362573
4055	0.126695527
4056	0.091520468
4057	0.077344877
4058	0.10994152
4059	0.112250712
4060	0.094152047
4061	0.099415205
4062	0.091520468
4063	0.091520468
4064	0.08625731
4065	0.132763533
4066	0.073099415
4067	0.08625731
4068	0.082539683
4069	0.091520468
4070	0.167836257
4071	0.087734488
4072	0.104678363
4073	0.091520468
4074	0.086609687
4075	0.147474747
4076	0.123099415
4077	0.083625731
4078	0.113708514
4079	0.073099415
4080	0.09033189
4081	0.104558405
4082	0.098124098
4083	0.098124098
4084	0.144152047
4085	0.08625731
4086	0.107309942
4087	0.138888889
4088	0.133625731
4090	0.083625731
4091	0.091520468
4092	0.094152047
4093	0.086609687
4095	0.175730994
4096	0.108513709
4097	0.078362573
4099	0.124098124
4100	0.10994152
4102	0.080994152
4103	0.078362573
4104	0.104678363
4105	0.095526696
4107	0.112250712
4108	0.08625731
4109	0.138888889
4110	0.138888889
4112	0.10994152
4114	0.146783626
4115	0.128362573
4117	0.094152047
4118	0.10994152
4119	0.115204678
4120	0.128362573
4121	0.088271605
4123	0.202046784
4124	0.081481481
4126	0.07994228
4127	0.08625731
4128	0.123099415
4129	0.096866097
4130	0.112250712
4131	0.134487734
4132	0.094152047
4133	0.083625731
4134	0.103318903
4135	0.102046784
4136	0.112573099
4137	0.088888889
4138	0.094152047
4139	0.112573099
4140	0.112573099
4141	0.096783626
4142	0.129292929
4143	0.096783626
4144	0.10994152
4145	0.075730994
4146	0.117836257
4147	0.080994152
4148	0.107309942
4149	0.094152047
4150	0.083625731
4151	0.111111111
4152	0.120467836
4153	0.099415205
4155	0.104678363
4157	0.170467836
4158	0.078362573
4159	0.092929293
4161	0.107309942
4162	0.165656566
4163	0.091520468
4165	0.107309942
4167	0.107309942
4168	0.111111111
4170	0.08625731
4171	0.088888889
4172	0.072150072
4173	0.175730994
4174	0.089173789
4175	0.09033189
4176	0.09033189
4178	0.080994152
4179	0.115204678
4181	0.08625731
4182	0.120467836
4183	0.083625731
4184	0.13625731
4186	0.120467836
4188	0.091520468
4190	0.112573099
4191	0.157864358
4193	0.088888889
4194	0.091520468
4195	0.102046784
4196	0.091520468
4197	0.10994152
4198	0.189173789
4199	0.103318903
4200	0.087734488
4201	0.131890332
4202	0.078362573
4203	0.07994228
4204	0.102046784
4205	0.082539683
4206	0.102046784
4208	0.10994152
4210	0.080994152
4212	0.09033189
4213	0.085137085
4215	0.135327635
4216	0.138888889
4217	0.104678363
4218	0.120467836
4219	0.078362573
4221	0.098124098
4222	0.096783626
4223	0.100721501
4224	0.082539683
4225	0.07994228
4226	0.10994152
4228	0.096783626
4229	0.080994152
4230	0.08625731
4231	0.105916306
4232	0.091520468
4233	0.087734488
4234	0.094152047
4235	0.095526696
4237	0.162573099
4238	0.077344877
4239	0.096783626
4240	0.10994152
4241	0.092929293
4242	0.204617605
4243	0.083625731
4244	0.133625731
4246	0.080994152
4247	0.13625731
4248	0.146783626
4249	0.096783626
4250	0.099415205
4251	0.088888889
4252	0.085137085
4253	0.113708514
4255	0.105916306
4256	0.123099415
4257	0.075730994
4258	0.099415205
4259	0.078362573
4260	0.104678363
4261	0.102046784
4262	0.115204678
4263	0.104678363
4265	0.096783626
4267	0.091520468
4268	0.100721501
4269	0.144152047
4270	0.083625731
4271	0.075730994
4272	0.100721501
4273	0.09033189
4274	0.08625731
4275	0.083625731
4276	0.08625731
4277	0.096783626
4278	0.083625731
4279	0.126695527
4280	0.099415205
4281	0.131890332
4282	0.10994152
4283	0.083625731
4284	0.137085137
4285	0.115204678
4286	0.080994152
4287	0.102046784
4288	0.103318903
4289	0.107309942
4290	0.104678363
4291	0.10994152
4292	0.196866097
4293	0.083625731
4294	0.115204678
4295	0.102046784
4296	0.095526696
4297	0.080994152
4298	0.100721501
4299	0.112573099
4300	0.162573099
4301	0.113708514
4302	0.07994228
4303	0.072150072
4304	0.094152047
4305	0.099415205
4306	0.11994302
4307	0.131890332
4308	0.091520468
4309	0.152046784
4310	0.080994152
4311	0.099415205
4312	0.096783626
4313	0.133625731
4314	0.08625731
4315	0.112573099
4316	0.080994152
4317	0.08625731
4318	0.077344877
4319	0.080994152
4320	0.112573099
4321	0.094152047
4322	0.123099415
4323	0.123099415
4324	0.092929293
4325	0.091520468
4326	0.083625731
4327	0.08625731
4328	0.092929293
4329	0.125730994
4330	0.091520468
4332	0.13968254
4333	0.116305916
4334	0.123099415
4335	0.077344877
4336	0.094152047
4337	0.083625731
4338	0.117836257
4339	0.091520468
4340	0.080994152
4341	0.087734488
4342	0.115204678
4343	0.165204678
4344	0.13625731
4345	0.100721501
4346	0.154678363
4347	0.087734488
4348	0.138888889
4349	0.10994152
4350	0.078362573
4351	0.15007215
4352	0.099415205
4353	0.128362573
4354	0.173099415
4355	0.102046784
4356	0.157309942
4357	0.102046784
4358	0.088888889
4359	0.083625731
4361	0.082539683
4362	0.15007215
4363	0.080994152
4364	0.111111111
4365	0.094152047
4366	0.125730994
4367	0.165204678
4368	0.078362573
4369	0.162573099
4370	0.083625731
4371	0.09033189
4373	0.083625731
4374	0.082539683
4375	0.111111111
4376	0.075730994
4377	0.112573099
4378	0.13625731
4379	0.125730994
4380	0.104678363
4381	0.117836257
4382	0.104678363
4383	0.104678363
4384	0.08625731
4385	0.091520468
4386	0.113708514
4387	0.104678363
4388	0.117836257
4389	0.125730994
4390	0.154678363
4391	0.138888889
4392	0.080994152
4393	0.095526696
4394	0.08625731
4395	0.08625731
4396	0.094152047
4397	0.091520468
4399	0.147474747
4400	0.144877345
4401	0.144152047
4402	0.094152047
4403	0.08625731
4404	0.102046784
4405	0.100721501
4406	0.129292929
4407	0.173099415
4409	0.092929293
4410	0.092929293
4411	0.102046784
4412	0.078362573
4413	0.094152047
4414	0.08625731
4415	0.104678363
4416	0.099415205
4417	0.091520468
4418	0.113708514
4419	0.142279942
4420	0.10994152
4421	0.104678363
4422	0.125730994
4423	0.123099415
4424	0.141520468
4425	0.149415205
4426	0.096783626
4427	0.181240981
4428	0.102046784
4429	0.107309942
4430	0.098124098
4431	0.123099415
4432	0.113708514
4433	0.094152047
4434	0.105916306
4435	0.078362573
4436	0.088888889
4437	0.123099415
4438	0.100721501
4439	0.094152047
4440	0.073099415
4441	0.112573099
4442	0.112573099
4443	0.078362573
4444	0.075730994
4445	0.154678363
4446	0.088888889
4447	0.094152047
4448	0.096783626
4449	0.081481481
4450	0.080994152
4451	0.155266955
4452	0.088888889
4453	0.092929293
4454	0.144877345
4455	0.099415205
4456	0.154678363
4457	0.080994152
4458	0.088888889
4459	0.07994228
4460	0.078362573
4461	0.082539683
4462	0.088888889
4463	0.083625731
4464	0.096783626
4466	0.142279942
4467	0.125730994
4468	0.075730994
4469	0.092929293
4470	0.126695527
4471	0.091520468
4472	0.105916306
4473	0.117836257
4474	0.144877345
4475	0.091520468
4476	0.096783626
4477	0.091520468
4478	0.186435786
4479	0.173448773
4480	0.102046784
4481	0.088888889
4482	0.146783626
4483	0.178643579
4484	0.096866097
4485	0.088888889
4486	0.137085137
4487	0.102046784
4488	0.082539683
4489	0.080994152
4490	0.075730994
4491	0.121500722
4492	0.075730994
4493	0.104678363
4494	0.114814815
4495	0.091520468
4496	0.084045584
4497	0.082539683
4498	0.088888889
4499	0.134487734
4500	0.207215007
4501	0.080994152
4502	0.103318903
4503	0.085137085
4504	0.149415205
4505	0.092929293
4506	0.09033189
4507	0.124098124
4508	0.137085137
4509	0.091520468
4510	0.096783626
4511	0.102046784
4512	0.107309942
4513	0.104678363
4514	0.085137085
4515	0.099415205
4516	0.080994152
