uta	att
4	0.104678363
6	0.092929293
7	0.07994228
8	0.112573099
9	0.096296296
10	0.080994152
11	0.091520468
12	0.088888889
14	0.104678363
15	0.095526696
18	0.157309942
19	0.096783626
20	0.112573099
21	0.155266955
22	0.104678363
23	0.082074074
24	0.096783626
27	0.113708514
28	0.096783626
30	0.087734488
31	0.116305916
32	0.09033189
33	0.083625731
34	0.130994152
35	0.121500722
37	0.07994228
39	0.078362573
40	0.087734488
41	0.096783626
42	0.104678363
43	0.123099415
44	0.115204678
46	0.092929293
47	0.116305916
48	0.10994152
49	0.078362573
51	0.100740741
53	0.091520468
54	0.08625731
55	0.096783626
56	0.078362573
57	0.094152047
58	0.104678363
59	0.083625731
60	0.126695527
61	0.094152047
62	0.080994152
63	0.099415205
64	0.082539683
65	0.103318903
66	0.091520468
67	0.168253968
68	0.087734488
69	0.13625731
70	0.102046784
71	0.117836257
72	0.104678363
73	0.117836257
74	0.094152047
75	0.108513709
76	0.087734488
77	0.09033189
78	0.150712251
80	0.121500722
81	0.107309942
82	0.08625731
83	0.085137085
84	0.098124098
85	0.091520468
86	0.212409812
87	0.121500722
88	0.120467836
89	0.080994152
90	0.088888889
91	0.176353276
92	0.096783626
93	0.132763533
94	0.120467836
95	0.098074074
96	0.124098124
97	0.116305916
98	0.096783626
99	0.083625731
100	0.095526696
101	0.100721501
102	0.20968661
103	0.102046784
104	0.088888889
105	0.088888889
106	0.098124098
107	0.083625731
108	0.115204678
109	0.104678363
110	0.115204678
111	0.083625731
112	0.117836257
113	0.080994152
114	0.087734488
115	0.191630592
116	0.096783626
117	0.138888889
118	0.107309942
119	0.094152047
120	0.217378917
121	0.088888889
122	0.088888889
123	0.094152047
124	0.095526696
125	0.121500722
126	0.096783626
127	0.116305916
128	0.100721501
129	0.135407407
130	0.144152047
132	0.094152047
133	0.092929293
134	0.096783626
136	0.096783626
137	0.09033189
139	0.092929293
140	0.170851371
141	0.102046784
142	0.15007215
143	0.078362573
144	0.09033189
145	0.132716049
146	0.099415205
147	0.100721501
148	0.121500722
149	0.123099415
151	0.130994152
152	0.104678363
154	0.116305916
156	0.093265993
157	0.126695527
158	0.117836257
160	0.137402191
161	0.099415205
163	0.147474747
164	0.104678363
165	0.11994302
166	0.086609687
168	0.08625731
169	0.088888889
170	0.115204678
171	0.096783626
172	0.107309942
173	0.152669553
174	0.125730994
175	0.173448773
176	0.112573099
177	0.115204678
178	0.078362573
179	0.080994152
180	0.112573099
181	0.126695527
182	0.102046784
183	0.096783626
184	0.080994152
185	0.102046784
186	0.08625731
187	0.08625731
188	0.102046784
189	0.085137085
190	0.096783626
191	0.094152047
192	0.099415205
193	0.113708514
195	0.121500722
197	0.147474747
198	0.112573099
200	0.115204678
201	0.091520468
202	0.102046784
203	0.137085137
205	0.115204678
206	0.099415205
208	0.094152047
209	0.085137085
211	0.138888889
212	0.087734488
214	0.128362573
215	0.082539683
216	0.107309942
218	0.080994152
219	0.108740741
221	0.163059163
222	0.091520468
223	0.129292929
224	0.095526696
225	0.142279942
226	0.125071225
227	0.132763533
228	0.091520468
229	0.105916306
231	0.08625731
232	0.114814815
233	0.104678363
234	0.111111111
235	0.113708514
235.1	0.124098124
236	0.145584046
237	0.104558405
238	0.099415205
240	0.088888889
241	0.120467836
242	0.127635328
243	0.100721501
244	0.108513709
245	0.099415205
246	0.07994228
247	0.104678363
248	0.094152047
249	0.096180556
250	0.102046784
251	0.111407407
252	0.104678363
253	0.080994152
254	0.113708514
255	0.123099415
256	0.132763533
256.1	0.132763533
258	0.100721501
259	0.082539683
262	0.094152047
263	0.11994302
264	0.102046784
265	0.113708514
266	0.091737892
267	0.088888889
268	0.091520468
269	0.196825397
270	0.102046784
271	0.083625731
272	0.102046784
273	0.07994228
274	0.075730994
275	0.104678363
276	0.103318903
276.1	0.095526696
277	0.115204678
278	0.098124098
279	0.10994152
280	0.088888889
281	0.102046784
282	0.099415205
283	0.102046784
284	0.104678363
285	0.127635328
286	0.099415205
287	0.107309942
288	0.142279942
289	0.094152047
290	0.099415205
291	0.120467836
292	0.08625731
293	0.123723724
294	0.100721501
295	0.088888889
296	0.09033189
297	0.085137085
298	0.080994152
299	0.096783626
300	0.149415205
301	0.082539683
302	0.101994302
303	0.120467836
304	0.07994228
305	0.124098124
306	0.142279942
307	0.09033189
308	0.088888889
309	0.104678363
310	0.141520468
311	0.115204678
312	0.07994228
313	0.07994228
314	0.083625731
316	0.083625731
318	0.117378917
320	0.088888889
321	0.094152047
323	0.094152047
325	0.129292929
326	0.133625731
327	0.098124098
328	0.088888889
329	0.074747475
330	0.091520468
331	0.123099415
332	0.168660969
333	0.078362573
334	0.08625731
335	0.152046784
336	0.098074074
337	0.099415205
338	0.157864358
339	0.085137085
340	0.118903319
341	0.121500722
342	0.131890332
343	0.123099415
344	0.099415205
345	0.098124098
346	0.120467836
347	0.124098124
348	0.128362573
349	0.143019943
350	0.112573099
351	0.091520468
352	0.090074074
353	0.094152047
354	0.07994228
355	0.096783626
356	0.116305916
357	0.082539683
358	0.118903319
359	0.095526696
360	0.118903319
361	0.099415205
362	0.107309942
363	0.102046784
364	0.092929293
365	0.104678363
367	0.111111111
368	0.078362573
369	0.09033189
370	0.154678363
371	0.087734488
373	0.112573099
374	0.104678363
375	0.08625731
376	0.105916306
377	0.111111111
378	0.111111111
380	0.165656566
381	0.116305916
383	0.104678363
384	0.100703235
385	0.104678363
386	0.144877345
387	0.137085137
389	0.088888889
390	0.087734488
391	0.091520468
392	0.104678363
393	0.173099415
394	0.117836257
395	0.103318903
396	0.100721501
397	0.088888889
398	0.114814815
399	0.13968254
400	0.117378917
401	0.091520468
402	0.144877345
403	0.16046176
404	0.130994152
405	0.14045584
406	0.146783626
407	0.082539683
408	0.096783626
409	0.075730994
410	0.135327635
411	0.167836257
412	0.130994152
413	0.094301994
414	0.107309942
415	0.132763533
416	0.10994152
417	0.080994152
418	0.094152047
419	0.128362573
421	0.083625731
422	0.092929293
424	0.111111111
425	0.116305916
426	0.099415205
427	0.144877345
428	0.131890332
429	0.083625731
430	0.078362573
432	0.091520468
433	0.082539683
434	0.100721501
435	0.08625731
436	0.173448773
437	0.092929293
438	0.121500722
439	0.099415205
440	0.107309942
441	0.101994302
442	0.104678363
444	0.092929293
445	0.107309942
446	0.116305916
447	0.111111111
448	0.074747475
449	0.096783626
450	0.083625731
451	0.096783626
452	0.107309942
453	0.125730994
454	0.115204678
455	0.128362573
456	0.165204678
457	0.094152047
458	0.105916306
459	0.10968661
461	0.124098124
462	0.115204678
463	0.092929293
464	0.098124098
465	0.088888889
467	0.155266955
468	0.144877345
469	0.094152047
470	0.137085137
471	0.10994152
472	0.130994152
473	0.08625731
474	0.14045584
476	0.100721501
477	0.087734488
479	0.09033189
480	0.084045584
482	0.132763533
483	0.191520468
484	0.13625731
486	0.111111111
487	0.155266955
488	0.123099415
489	0.154678363
490	0.105916306
491	0.108513709
492	0.155266955
493	0.16046176
494	0.147474747
495	0.082539683
496	0.111111111
497	0.141520468
498	0.125730994
499	0.10968661
500	0.115204678
501	0.088888889
502	0.074747475
503	0.104558405
504	0.165656566
505	0.105916306
506	0.15007215
507	0.115204678
508	0.181240981
510	0.141520468
511	0.130994152
512	0.09033189
513	0.098124098
514	0.098124098
515	0.120467836
516	0.124098124
517	0.107122507
518	0.094152047
519	0.092929293
520	0.088888889
521	0.083625731
522	0.145584046
523	0.144877345
524	0.120467836
525	0.118903319
526	0.102046784
527	0.098171589
528	0.077344877
530	0.088888889
531	0.096866097
532	0.123099415
533	0.107309942
535	0.137085137
536	0.085137085
537	0.115204678
538	0.126695527
539	0.14045584
540	0.147474747
541	0.144877345
542	0.099415205
544	0.196825397
545	0.083625731
547	0.162573099
548	0.103407407
549	0.108513709
550	0.194301994
551	0.152046784
552	0.133625731
553	0.091520468
554	0.112573099
555	0.083625731
556	0.115204678
557	0.10994152
558	0.118903319
559	0.144877345
560	0.188888889
561	0.088888889
562	0.123099415
563	0.121500722
564	0.091520468
565	0.116305916
566	0.099415205
567	0.103407407
568	0.091520468
569	0.103318903
570	0.083625731
571	0.092929293
572	0.112573099
573	0.103318903
574	0.137085137
575	0.094152047
576	0.102046784
577	0.080994152
578	0.104678363
579	0.104678363
580	0.088888889
581	0.186435786
582	0.147474747
583	0.088888889
584	0.134487734
585	0.21209564
586	0.272150072
587	0.13625731
588	0.120467836
589	0.112573099
590	0.141520468
591	0.117836257
592	0.152669553
593	0.128362573
594	0.094152047
595	0.121500722
596	0.133625731
597	0.091520468
598	0.120467836
599	0.15994152
600	0.09033189
601	0.152669553
602	0.08625731
603	0.141520468
604	0.15007215
605	0.115204678
606	0.09033189
607	0.074747475
608	0.103318903
609	0.108513709
610	0.131890332
611	0.150712251
612	0.196825397
613	0.141520468
614	0.155266955
615	0.157864358
616	0.146783626
617	0.088888889
618	0.107309942
620	0.147474747
621	0.170851371
622	0.13625731
623	0.087734488
624	0.143019943
625	0.088888889
626	0.078362573
627	0.099430199
628	0.137085137
629	0.123099415
630	0.08625731
631	0.102046784
632	0.125071225
633	0.149415205
634	0.128362573
635	0.105916306
636	0.099415205
637	0.104678363
638	0.117836257
639	0.167836257
640	0.13625731
641	0.091737892
642	0.196783626
643	0.108513709
644	0.098124098
645	0.146783626
646	0.115204678
647	0.095526696
648	0.165204678
649	0.100721501
650	0.117836257
651	0.104678363
652	0.105916306
653	0.104678363
654	0.142279942
655	0.085079365
656	0.129292929
657	0.087734488
658	0.141520468
659	0.199437412
660	0.094301994
661	0.131890332
662	0.123099415
663	0.094152047
664	0.152046784
665	0.134487734
666	0.222799423
667	0.176353276
668	0.105916306
669	0.13019943
670	0.083625731
671	0.087734488
672	0.188888889
673	0.129292929
674	0.113361463
675	0.111111111
676	0.123099415
677	0.112573099
678	0.233189033
679	0.199430199
680	0.115204678
681	0.157309942
682	0.116305916
683	0.094152047
684	0.133614627
685	0.117836257
686	0.102046784
687	0.096783626
688	0.120467836
689	0.130994152
690	0.094152047
691	0.095526696
692	0.131890332
693	0.167836257
694	0.141520468
695	0.15007215
696	0.128362573
697	0.10994152
698	0.138888889
699	0.155266955
700	0.154678363
701	0.215007215
702	0.105916306
703	0.144152047
704	0.13625731
705	0.130994152
706	0.123099415
707	0.128362573
708	0.13968254
709	0.08625731
710	0.128362573
711	0.077918425
712	0.108513709
713	0.102046784
714	0.13968254
715	0.094152047
716	0.173099415
717	0.134487734
718	0.152046784
719	0.10994152
720	0.16046176
721	0.102046784
722	0.225396825
724	0.173099415
725	0.13019943
726	0.237412096
727	0.124098124
728	0.152669553
729	0.117836257
730	0.165204678
731	0.08625731
732	0.115204678
733	0.125730994
734	0.162573099
735	0.073099415
736	0.098124098
737	0.152669553
738	0.131890332
739	0.181240981
740	0.175730994
741	0.134487734
742	0.091520468
743	0.141520468
744	0.16046176
745	0.13625731
746	0.134487734
747	0.173448773
748	0.16046176
749	0.217604618
750	0.157309942
751	0.15994152
752	0.16046176
753	0.18625731
754	0.152669553
755	0.133625731
756	0.207309942
757	0.189173789
758	0.102046784
759	0.137085137
760	0.099415205
761	0.129292929
762	0.142279942
763	0.149415205
764	0.141520468
765	0.096783626
766	0.107309942
767	0.130994152
768	0.142279942
769	0.098124098
770	0.122507123
771	0.146783626
772	0.184045584
773	0.102046784
774	0.088888889
775	0.117836257
776	0.108513709
777	0.115204678
778	0.10994152
779	0.080994152
780	0.13968254
781	0.08625731
782	0.120467836
783	0.137085137
784	0.173448773
785	0.146272855
786	0.091520468
787	0.088888889
788	0.104558405
789	0.078362573
790	0.122507123
791	0.107122507
792	0.118903319
793	0.080994152
795	0.137891738
796	0.133625731
797	0.138888889
798	0.102046784
799	0.08625731
801	0.083625731
803	0.10994152
805	0.112573099
806	0.104678363
807	0.191520468
808	0.112573099
809	0.194227994
810	0.144877345
811	0.124098124
812	0.118903319
814	0.102046784
815	0.10994152
816	0.083625731
817	0.094152047
818	0.094152047
819	0.191630592
820	0.078362573
821	0.107309942
822	0.078362573
823	0.088888889
824	0.094152047
825	0.102046784
826	0.099415205
827	0.091520468
828	0.083625731
829	0.144877345
830	0.117836257
831	0.080994152
832	0.147474747
833	0.130994152
834	0.083625731
835	0.130994152
836	0.09033189
837	0.08625731
838	0.094152047
839	0.080994152
840	0.094152047
841	0.091520468
842	0.102046784
843	0.08625731
844	0.094152047
845	0.130994152
846	0.088888889
847	0.128362573
848	0.125730994
849	0.083625731
850	0.082539683
851	0.091520468
852	0.124098124
853	0.072150072
854	0.135327635
855	0.08625731
856	0.102046784
857	0.104678363
858	0.115204678
859	0.096783626
860	0.096783626
861	0.099415205
862	0.178362573
863	0.111111111
864	0.165204678
865	0.075730994
866	0.094152047
867	0.104678363
868	0.125730994
869	0.099415205
870	0.107309942
871	0.091520468
872	0.08625731
873	0.083625731
874	0.08625731
875	0.111111111
876	0.099415205
877	0.10994152
878	0.142279942
879	0.112573099
880	0.10994152
881	0.188888889
882	0.104678363
883	0.111111111
884	0.104678363
885	0.091520468
887	0.141520468
888	0.125730994
889	0.168660969
890	0.111111111
891	0.115204678
893	0.098124098
895	0.083625731
896	0.112573099
898	0.138888889
899	0.124098124
900	0.10994152
901	0.157309942
902	0.128362573
903	0.137085137
905	0.096783626
906	0.149415205
908	0.099415205
909	0.082539683
910	0.087734488
911	0.078362573
912	0.091520468
914	0.07994228
915	0.083625731
916	0.133625731
918	0.091520468
919	0.07994228
921	0.091520468
922	0.131890332
924	0.083625731
925	0.07994228
927	0.118903319
929	0.104678363
930	0.085137085
932	0.080994152
934	0.094301994
936	0.096783626
937	0.099415205
939	0.080994152
940	0.121500722
941	0.099415205
943	0.126695527
944	0.091520468
945	0.088888889
947	0.096866097
949	0.07994228
950	0.099430199
951	0.107309942
952	0.091520468
953	0.133625731
954	0.098124098
955	0.078362573
956	0.082539683
957	0.128362573
958	0.08625731
959	0.091520468
960	0.088888889
961	0.112573099
962	0.087734488
964	0.13968254
965	0.147474747
966	0.094152047
967	0.100721501
968	0.088888889
969	0.133625731
970	0.110493827
972	0.086609687
974	0.087734488
975	0.16046176
976	0.115204678
977	0.096783626
978	0.113708514
979	0.112250712
980	0.088888889
981	0.099415205
982	0.083625731
983	0.08625731
984	0.102046784
985	0.115204678
986	0.088888889
987	0.103318903
988	0.113708514
989	0.080994152
990	0.096783626
991	0.088888889
992	0.104678363
993	0.13968254
994	0.083625731
995	0.133625731
996	0.100721501
997	0.149415205
998	0.107309942
999	0.099430199
1000	0.116305916
1001	0.078362573
1002	0.07994228
1003	0.083625731
1004	0.088888889
1006	0.083625731
1007	0.122507123
1008	0.091520468
1009	0.102046784
1010	0.087734488
1011	0.087734488
1012	0.080994152
1013	0.15994152
1014	0.08625731
1015	0.108513709
1016	0.091520468
1017	0.107309942
1023	0.07994228
1024	0.088888889
1025	0.094152047
1026	0.123488045
1027	0.091520468
1028	0.08625731
1029	0.088888889
1030	0.120467836
1031	0.07994228
1032	0.117836257
1033	0.09033189
1034	0.089173789
1035	0.082539683
1036	0.138888889
1037	0.083625731
1038	0.134487734
1039	0.112573099
1040	0.083625731
1041	0.099415205
1042	0.096783626
1043	0.116305916
1044	0.130994152
1045	0.088888889
1046	0.094152047
1048	0.09033189
1049	0.102046784
1051	0.08625731
1052	0.091520468
1054	0.088888889
1055	0.094152047
1056	0.07994228
1057	0.091520468
1058	0.088888889
1060	0.088888889
1061	0.102046784
1063	0.08625731
1064	0.091520468
1066	0.091520468
1067	0.080994152
1068	0.09033189
1069	0.107309942
1070	0.082539683
1071	0.10994152
1072	0.103318903
1073	0.104678363
1074	0.100721501
1075	0.08625731
1076	0.075730994
1077	0.103318903
1078	0.137085137
1079	0.107309942
1080	0.125730994
1081	0.100721501
1082	0.091520468
1083	0.131890332
1084	0.102046784
1085	0.111111111
1086	0.115204678
1087	0.098124098
1088	0.073099415
1089	0.100721501
1090	0.138888889
1091	0.120467836
1092	0.10994152
1093	0.092740741
1094	0.084740741
1095	0.104678363
1096	0.094152047
1097	0.117378917
1098	0.118424754
1099	0.102046784
1100	0.099415205
1101	0.111111111
1102	0.08625731
1103	0.103318903
1104	0.098124098
1105	0.087734488
1106	0.120467836
1107	0.083625731
1108	0.088888889
1109	0.091520468
1110	0.115204678
1111	0.098124098
1112	0.080994152
1113	0.078917379
1114	0.08625731
1115	0.083625731
1116	0.10994152
1117	0.123099415
1118	0.099415205
1119	0.083625731
1120	0.083625731
1121	0.08625731
1122	0.075730994
1123	0.083625731
1124	0.080994152
1125	0.080994152
1126	0.083625731
1127	0.104558405
1128	0.09033189
1129	0.104678363
1130	0.083625731
1131	0.112573099
1132	0.13019943
1133	0.091520468
1134	0.104678363
1135	0.083625731
1136	0.125730994
1137	0.125730994
1138	0.111111111
1139	0.088888889
1140	0.096783626
1141	0.088888889
1142	0.107309942
1143	0.07994228
1144	0.102046784
1145	0.09033189
1146	0.107309942
1147	0.11994302
1148	0.099415205
1149	0.099430199
1150	0.102046784
1151	0.102046784
1152	0.105916306
1153	0.091520468
1154	0.088888889
1155	0.135327635
1156	0.080994152
1157	0.095526696
1158	0.075730994
1159	0.078362573
1160	0.099415205
1161	0.104678363
1162	0.083625731
1163	0.077344877
1164	0.100721501
1165	0.091520468
1166	0.096783626
1167	0.091520468
1168	0.125071225
1169	0.095526696
1170	0.094152047
1171	0.07994228
1172	0.094152047
1173	0.082539683
1174	0.107309942
1175	0.095526696
1176	0.082539683
1177	0.07994228
1178	0.088888889
1179	0.149415205
1180	0.125730994
1181	0.123099415
1182	0.096783626
1183	0.083625731
1184	0.075730994
1185	0.104678363
1186	0.091520468
1187	0.092929293
1188	0.129292929
1189	0.125730994
1190	0.091520468
1191	0.085513361
1192	0.107309942
1193	0.115204678
1194	0.091520468
1195	0.099415205
1196	0.096783626
1197	0.099430199
1198	0.083625731
1199	0.096783626
1200	0.092929293
1201	0.09033189
1202	0.108513709
1203	0.07994228
1204	0.095526696
1205	0.112573099
1206	0.094152047
1207	0.107309942
1208	0.170467836
1209	0.094152047
1210	0.170467836
1211	0.144877345
1212	0.16046176
1213	0.116305916
1214	0.094152047
1215	0.134487734
1216	0.115204678
1217	0.130994152
1218	0.096866097
1219	0.084045584
1220	0.088888889
1221	0.09033189
1222	0.116305916
1223	0.094152047
1224	0.088888889
1225	0.08625731
1226	0.102046784
1227	0.102046784
1228	0.075730994
1229	0.074747475
1230	0.099415205
1231	0.078362573
1232	0.103318903
1233	0.09033189
1234	0.104678363
1235	0.104678363
1236	0.168253968
1237	0.091520468
1238	0.082539683
1239	0.095526696
1240	0.095526696
1241	0.088888889
1242	0.078362573
1243	0.088888889
1244	0.074747475
1245	0.091737892
1246	0.096866097
1247	0.099415205
1248	0.152046784
1249	0.094152047
1250	0.096783626
1251	0.080994152
1252	0.096783626
1253	0.094152047
1254	0.118903319
1255	0.108513709
1256	0.147474747
1257	0.118903319
1258	0.13019943
1259	0.094152047
1260	0.111111111
1261	0.091520468
1262	0.073099415
1263	0.083625731
1264	0.10968661
1265	0.088888889
1266	0.094152047
1268	0.098124098
1269	0.123099415
1270	0.096783626
1271	0.15007215
1296	0.080994152
1297	0.104678363
1298	0.112573099
1299	0.080994152
1300	0.080994152
1301	0.096783626
1302	0.095526696
1303	0.09033189
1304	0.102046784
1305	0.094301994
1306	0.128362573
1307	0.096866097
1308	0.116305916
1309	0.135327635
1310	0.10994152
1311	0.087734488
1312	0.096783626
1313	0.094152047
1314	0.095526696
1315	0.096783626
1316	0.105916306
1317	0.120467836
1318	0.095526696
1319	0.083625731
1320	0.100721501
1321	0.141520468
1322	0.124098124
1323	0.165204678
1324	0.091737892
1325	0.123099415
1326	0.096783626
1327	0.10994152
1328	0.138888889
1329	0.107309942
1330	0.08625731
1331	0.128362573
1332	0.088888889
1333	0.08625731
1334	0.091520468
1335	0.098124098
1336	0.094152047
1337	0.10994152
1338	0.075730994
1339	0.08625731
1340	0.098124098
1341	0.104678363
1342	0.138888889
1343	0.10994152
1344	0.091520468
1345	0.131890332
1346	0.091520468
1347	0.102046784
1348	0.09033189
1349	0.13968254
1350	0.108513709
1351	0.104678363
1352	0.117836257
1353	0.141520468
1354	0.102046784
1355	0.10994152
1356	0.099415205
1357	0.077344877
1358	0.144152047
1359	0.10994152
1360	0.099415205
1361	0.096783626
1362	0.111111111
1363	0.083625731
1364	0.183838384
1365	0.15994152
1366	0.112573099
1367	0.088888889
1368	0.113708514
1369	0.112573099
1370	0.104678363
1371	0.099415205
1372	0.112573099
1373	0.082539683
1374	0.102046784
1375	0.118903319
1376	0.087407407
1377	0.117378917
1378	0.107309942
1379	0.111111111
1380	0.098124098
1381	0.104678363
1382	0.108513709
1383	0.108513709
1384	0.092929293
1385	0.122507123
1386	0.102046784
1387	0.107309942
1388	0.107309942
1389	0.098124098
1390	0.111111111
1391	0.107309942
1392	0.10994152
1393	0.129292929
1394	0.124098124
1395	0.094152047
1396	0.096783626
1397	0.121500722
1398	0.083625731
1399	0.083625731
1400	0.094152047
1401	0.082539683
1402	0.08625731
1404	0.080994152
1405	0.100721501
1406	0.09033189
1407	0.129292929
1408	0.113708514
1409	0.091520468
1410	0.112573099
1411	0.095526696
1412	0.115204678
1413	0.08625731
1414	0.141520468
1415	0.078362573
1416	0.080994152
1417	0.095526696
1418	0.092929293
1419	0.10994152
1420	0.094152047
1421	0.091520468
1422	0.073099415
1423	0.083625731
1424	0.08625731
1425	0.141520468
1426	0.105916306
1427	0.091520468
1430	0.099415205
1431	0.08625731
1432	0.13625731
1433	0.078362573
1434	0.078362573
1435	0.096783626
1436	0.113708514
1437	0.08625731
1438	0.085137085
1439	0.085137085
1440	0.144877345
1441	0.120467836
1442	0.088888889
1443	0.085137085
1444	0.07994228
1445	0.123099415
1446	0.102046784
1447	0.091520468
1448	0.120467836
1449	0.094152047
1450	0.108513709
1451	0.077344877
1452	0.099415205
1454	0.113708514
1455	0.154678363
1456	0.094152047
1457	0.10994152
1458	0.104678363
1459	0.121500722
1460	0.08625731
1461	0.138888889
1462	0.115204678
1463	0.173099415
1464	0.10994152
1465	0.094152047
1466	0.088888889
1467	0.112573099
1468	0.083625731
1469	0.092929293
1470	0.080994152
1471	0.125730994
1472	0.104678363
1473	0.118903319
1474	0.08625731
1475	0.128362573
1476	0.113708514
1477	0.075730994
1478	0.102046784
1479	0.144152047
1480	0.103318903
1481	0.098124098
1482	0.102046784
1483	0.096783626
1484	0.091520468
1485	0.102046784
1486	0.08625731
1487	0.115204678
1488	0.123099415
1489	0.091520468
1490	0.08625731
1491	0.078362573
1492	0.11994302
1493	0.078362573
1494	0.078362573
1495	0.123099415
1496	0.083625731
1497	0.099415205
1498	0.115204678
1499	0.102046784
1500	0.128362573
1501	0.087734488
1502	0.092740741
1503	0.131890332
1504	0.130994152
1505	0.098124098
1506	0.104678363
1508	0.121500722
1509	0.128362573
1510	0.117378917
1511	0.080994152
1512	0.08625731
1513	0.081481481
1514	0.098124098
1515	0.112573099
1516	0.123099415
1517	0.082074074
1518	0.125730994
1519	0.078362573
1521	0.088888889
1522	0.123099415
1523	0.107309942
1524	0.083625731
1525	0.127635328
1526	0.165204678
1527	0.075730994
1528	0.080994152
1529	0.07994228
1530	0.102046784
1531	0.125730994
1532	0.120467836
1533	0.098124098
1534	0.091520468
1535	0.102046784
1536	0.108513709
1537	0.088888889
1539	0.091520468
1540	0.09033189
1541	0.088888889
1542	0.100721501
1543	0.086609687
1544	0.08625731
1545	0.099415205
1546	0.095526696
1548	0.082539683
1550	0.078362573
1551	0.088888889
1552	0.091520468
1553	0.085137085
1554	0.083625731
1555	0.108513709
1556	0.103318903
1557	0.096783626
1558	0.104678363
1559	0.094152047
1560	0.084322679
1561	0.094152047
1562	0.095526696
1563	0.094152047
1564	0.098124098
1565	0.08625731
1566	0.083625731
1567	0.082539683
1568	0.080994152
1569	0.088888889
1570	0.165204678
1571	0.078362573
1572	0.117836257
1573	0.118903319
1574	0.113708514
1575	0.082539683
1576	0.103318903
1577	0.112573099
1578	0.073099415
1579	0.113708514
1580	0.083625731
1581	0.104678363
1582	0.100721501
1583	0.080994152
1584	0.092929293
1585	0.091520468
1586	0.098124098
1587	0.083625731
1588	0.091520468
1589	0.104678363
1590	0.091520468
1591	0.103318903
1592	0.096866097
1593	0.08625731
1594	0.09033189
1595	0.111111111
1596	0.098124098
1597	0.072150072
1598	0.083625731
1599	0.082539683
1600	0.080994152
1601	0.095526696
1602	0.138888889
1603	0.075730994
1604	0.094152047
1605	0.073099415
1606	0.123099415
1607	0.144152047
1608	0.194227994
1609	0.102046784
1611	0.102046784
1612	0.124098124
1613	0.083625731
1614	0.094152047
1615	0.077344877
1616	0.091520468
1617	0.08625731
1618	0.107309942
1619	0.131890332
1620	0.152669553
1621	0.103318903
1622	0.096783626
1623	0.112573099
1624	0.102046784
1625	0.103318903
1626	0.104678363
1627	0.104678363
1628	0.115204678
1630	0.10994152
1631	0.102046784
1632	0.07994228
1633	0.107309942
1634	0.112573099
1635	0.107122507
1636	0.105916306
1637	0.088888889
1638	0.082539683
1639	0.088888889
1640	0.080994152
1641	0.104678363
1642	0.10994152
1643	0.120467836
1644	0.115204678
1645	0.083625731
1646	0.094152047
1647	0.125730994
1648	0.107309942
1649	0.075730994
1650	0.088888889
1651	0.125730994
1652	0.091520468
1653	0.100721501
1654	0.096783626
1655	0.104678363
1656	0.105916306
1657	0.094152047
1658	0.144877345
1659	0.096866097
1660	0.144152047
1661	0.080994152
1662	0.129292929
1663	0.088888889
1664	0.083625731
1665	0.078362573
1666	0.096783626
1667	0.08625731
1668	0.07994228
1669	0.087734488
1670	0.099415205
1671	0.083625731
1672	0.087734488
1673	0.080994152
1674	0.102046784
1675	0.096783626
1676	0.112573099
1677	0.083625731
1678	0.094301994
1679	0.098124098
1680	0.088888889
1681	0.141520468
1682	0.083625731
1683	0.080994152
1684	0.07994228
1685	0.094152047
1686	0.08625731
1687	0.094152047
1688	0.115204678
1689	0.105916306
1690	0.082539683
1691	0.096783626
1692	0.116305916
1693	0.104678363
1694	0.112573099
1695	0.085137085
1696	0.100721501
1697	0.108513709
1698	0.096783626
1699	0.102046784
1700	0.09033189
1701	0.080994152
1702	0.129292929
1703	0.075730994
1704	0.078362573
1705	0.10994152
1706	0.096783626
1707	0.096783626
1708	0.094152047
1709	0.088888889
1710	0.112573099
1711	0.07994228
1712	0.08625731
1713	0.074747475
1714	0.083625731
1715	0.08625731
1716	0.123099415
1717	0.088888889
1718	0.073099415
1719	0.102046784
1720	0.094152047
1721	0.09033189
1722	0.105916306
1723	0.073099415
1724	0.10994152
1725	0.077344877
1726	0.107309942
1727	0.096783626
1728	0.144152047
1729	0.118903319
1730	0.112573099
1731	0.194227994
1732	0.088888889
1733	0.088888889
1734	0.08625731
1735	0.09033189
1736	0.07994228
1737	0.115204678
1739	0.13968254
1741	0.099415205
1743	0.142279942
1745	0.107309942
1746	0.146783626
1748	0.078362573
1750	0.137085137
1752	0.100721501
1754	0.091520468
1756	0.08625731
1758	0.104678363
1760	0.100740741
1762	0.096783626
1763	0.096783626
1765	0.083625731
1766	0.212250712
1767	0.13625731
1768	0.09033189
1769	0.202046784
1770	0.111407407
1771	0.147474747
1772	0.167836257
1773	0.099415205
1774	0.126695527
1775	0.123099415
1776	0.107309942
1777	0.132763533
1778	0.165656566
1779	0.107309942
1781	0.123099415
1782	0.096783626
1783	0.103318903
1784	0.104678363
1786	0.091520468
1788	0.155266955
1789	0.157864358
1791	0.123099415
1793	0.115204678
1794	0.096783626
1795	0.08625731
1796	0.078362573
1797	0.105916306
1798	0.096783626
1799	0.088888889
1802	0.083625731
1803	0.117836257
1805	0.144152047
1806	0.105916306
1808	0.098124098
1810	0.117836257
1811	0.098124098
1812	0.08625731
1813	0.100721501
1814	0.083625731
1815	0.088888889
1816	0.080994152
1817	0.096604938
1818	0.083625731
1819	0.073099415
1820	0.124098124
1821	0.096783626
1822	0.107309942
1823	0.10994152
1824	0.10994152
1825	0.091520468
1826	0.094152047
1827	0.082539683
1828	0.102046784
1829	0.10994152
1830	0.07994228
1831	0.080994152
1832	0.088888889
1833	0.116305916
1834	0.088888889
1835	0.107309942
1836	0.088888889
1837	0.075730994
1838	0.088045007
1839	0.094152047
1840	0.088888889
1841	0.080994152
1842	0.103318903
1843	0.096783626
1844	0.088888889
1845	0.094152047
1846	0.08625731
1847	0.096783626
1848	0.08625731
1849	0.088888889
1850	0.080994152
1851	0.107309942
1852	0.087734488
1853	0.073099415
1854	0.08625731
1855	0.10994152
1856	0.091520468
1857	0.088888889
1858	0.099415205
1859	0.088888889
1860	0.08625731
1861	0.088888889
1862	0.080994152
1863	0.085137085
1864	0.094152047
1865	0.075730994
1866	0.112573099
1867	0.088888889
1868	0.086609687
1869	0.112573099
1870	0.094152047
1871	0.099415205
1872	0.099415205
1873	0.075730994
1874	0.091520468
1875	0.083625731
1876	0.078362573
1877	0.117836257
1878	0.098124098
1879	0.096783626
1880	0.083625731
1881	0.128362573
1882	0.111111111
1883	0.108513709
1884	0.107309942
1885	0.152046784
1886	0.085137085
1889	0.091520468
1890	0.096783626
1891	0.099415205
1892	0.083625731
1893	0.138888889
1894	0.113708514
1895	0.183838384
1896	0.096783626
1897	0.111111111
1898	0.107309942
1899	0.099415205
1900	0.078362573
1901	0.124098124
1902	0.102046784
1903	0.10994152
1904	0.108513709
1905	0.080994152
1906	0.099415205
1907	0.131890332
1908	0.142279942
1909	0.165204678
1910	0.138888889
1911	0.102046784
1912	0.087734488
1913	0.10994152
1914	0.146783626
1915	0.15994152
1916	0.083625731
1917	0.10994152
1918	0.107309942
1919	0.078362573
1920	0.125730994
1921	0.152046784
1922	0.120467836
1923	0.107309942
1924	0.102046784
1925	0.144152047
1926	0.117836257
1927	0.142279942
1928	0.207309942
1929	0.112573099
1930	0.096783626
1931	0.105916306
1932	0.144152047
1933	0.180994152
1934	0.111111111
1935	0.075730994
1936	0.126695527
1938	0.08625731
1939	0.088888889
1940	0.078362573
1941	0.108513709
1942	0.091520468
1943	0.099415205
1944	0.08625731
1945	0.096783626
1946	0.144152047
1947	0.112573099
1948	0.094152047
1949	0.091520468
1950	0.10994152
1951	0.096783626
1952	0.082074074
1953	0.087734488
1954	0.074747475
1955	0.091520468
1956	0.098124098
1957	0.089173789
1958	0.094152047
1959	0.08625731
1960	0.107309942
1961	0.107309942
1962	0.123099415
1963	0.107309942
1964	0.131890332
1965	0.094152047
1966	0.07994228
1967	0.116305916
1968	0.083625731
1969	0.080994152
1970	0.102046784
1971	0.100721501
1972	0.099415205
1973	0.120467836
1974	0.080994152
1975	0.121500722
1976	0.078362573
1977	0.078362573
1978	0.091520468
1979	0.104678363
1980	0.083625731
1981	0.088888889
1982	0.123099415
1983	0.102046784
1984	0.138888889
1985	0.199430199
1986	0.173099415
1987	0.105916306
1988	0.088888889
1989	0.130994152
1990	0.128362573
1991	0.078362573
1992	0.115204678
1993	0.178643579
1994	0.08625731
1995	0.13968254
1996	0.08625731
1997	0.120467836
1998	0.165204678
1999	0.128362573
2000	0.091520468
2001	0.117836257
2002	0.105916306
2003	0.10994152
2004	0.098124098
2005	0.118903319
2006	0.117836257
2007	0.09033189
2008	0.096783626
2009	0.133625731
2010	0.128362573
2011	0.111111111
2012	0.15994152
2013	0.078362573
2014	0.099415205
2015	0.098124098
2016	0.087734488
2017	0.191520468
2018	0.08625731
2019	0.107309942
2020	0.143019943
2021	0.082539683
2022	0.115204678
2023	0.15007215
2024	0.13968254
2025	0.124098124
2026	0.10994152
2027	0.107309942
2028	0.126695527
2029	0.096866097
2030	0.09033189
2031	0.127407407
2032	0.123099415
2033	0.099259259
2034	0.088888889
2035	0.108513709
2036	0.122507123
2037	0.15994152
2038	0.149415205
2039	0.201994302
2040	0.099415205
2041	0.115204678
2042	0.115204678
2043	0.075730994
2044	0.072150072
2045	0.080994152
2046	0.096783626
2047	0.077344877
2048	0.117836257
2049	0.100721501
2050	0.088888889
2051	0.099415205
2052	0.096783626
2053	0.088888889
2054	0.078362573
2055	0.102046784
2056	0.111111111
2057	0.120467836
2058	0.087734488
2059	0.078362573
2060	0.113708514
2061	0.104678363
2062	0.085137085
2063	0.102046784
2064	0.094152047
2065	0.092929293
2066	0.122074074
2067	0.077344877
2068	0.073099415
2069	0.078362573
2070	0.100721501
2071	0.083625731
2072	0.082539683
2073	0.094152047
2074	0.102046784
2075	0.111111111
2076	0.091520468
2077	0.113708514
2078	0.115204678
2079	0.15994152
2080	0.154678363
2081	0.091520468
2082	0.102046784
2083	0.094152047
2084	0.08625731
2085	0.102046784
2086	0.087734488
2087	0.165204678
2088	0.117378917
2090	0.096783626
2091	0.074747475
2093	0.091520468
2094	0.103318903
2095	0.083625731
2096	0.102046784
2097	0.124098124
2098	0.102046784
2099	0.094152047
2100	0.087734488
2101	0.100721501
2102	0.091520468
2103	0.088888889
2104	0.082539683
2105	0.083625731
2106	0.080994152
2107	0.091520468
2108	0.085137085
2109	0.095526696
2110	0.100721501
2111	0.072150072
2112	0.129292929
2113	0.102160494
2114	0.080994152
2115	0.115204678
2116	0.096783626
2117	0.09033189
2118	0.07994228
2119	0.130994152
2120	0.134487734
2121	0.083625731
2122	0.163059163
2123	0.082539683
2124	0.117836257
2125	0.08625731
2126	0.117836257
2127	0.115204678
2128	0.099415205
2129	0.125730994
2130	0.085137085
2131	0.094152047
2132	0.117836257
2133	0.080994152
2134	0.075730994
2135	0.100740741
2136	0.099415205
2137	0.088888889
2138	0.088888889
2139	0.088888889
2140	0.120467836
2141	0.078362573
2142	0.080994152
2143	0.099415205
2144	0.083625731
2145	0.131890332
2146	0.112573099
2147	0.113708514
2148	0.104678363
2149	0.083625731
2150	0.083625731
2151	0.11994302
2152	0.117836257
2153	0.094152047
2154	0.096783626
2155	0.088888889
2156	0.08625731
2157	0.096783626
2158	0.075730994
2159	0.100721501
2160	0.099415205
2161	0.091520468
2162	0.105916306
2163	0.102046784
2164	0.083625731
2165	0.08625731
2166	0.07994228
2167	0.107309942
2168	0.094152047
2169	0.07994228
2170	0.082539683
2171	0.094152047
2172	0.138888889
2173	0.095526696
2174	0.092929293
2175	0.080994152
2176	0.098124098
2177	0.102046784
2178	0.096783626
2179	0.088888889
2180	0.08625731
2181	0.091520468
2182	0.075730994
2183	0.091520468
2184	0.088888889
2185	0.091520468
2186	0.080994152
2187	0.091520468
2188	0.078362573
2189	0.08625731
2190	0.08625731
2191	0.082539683
2192	0.115204678
2193	0.075730994
2194	0.096783626
2195	0.08625731
2196	0.092929293
2197	0.08625731
2198	0.113708514
2199	0.083625731
2200	0.08625731
2201	0.092929293
2202	0.083625731
2203	0.083625731
2204	0.082539683
2205	0.112573099
2206	0.078362573
2207	0.094152047
2208	0.088888889
2209	0.120467836
2210	0.083625731
2211	0.102046784
2212	0.075730994
2213	0.075730994
2214	0.073099415
2215	0.091520468
2216	0.094152047
2217	0.092929293
2218	0.094152047
2219	0.123099415
2220	0.094152047
2221	0.077344877
2222	0.108513709
2223	0.082539683
2224	0.080994152
2225	0.107309942
2226	0.104678363
2227	0.091520468
2228	0.096783626
2229	0.076353276
2230	0.186435786
2231	0.075730994
2232	0.085137085
2233	0.080994152
2234	0.115204678
2235	0.107309942
2236	0.13968254
2237	0.083625731
2238	0.091520468
2239	0.104678363
2240	0.096783626
2241	0.104678363
2242	0.091520468
2243	0.102046784
2244	0.126695527
2245	0.199415205
2246	0.111111111
2247	0.096783626
2248	0.10994152
2249	0.116305916
2250	0.099415205
2251	0.096783626
2252	0.088888889
2253	0.078362573
2254	0.189033189
2255	0.124098124
2256	0.207215007
2257	0.115204678
2258	0.178643579
2259	0.091520468
2260	0.152669553
2261	0.102046784
2262	0.087734488
2263	0.084045584
2264	0.103318903
2265	0.133625731
2266	0.135327635
2267	0.102046784
2268	0.102046784
2269	0.106074074
2270	0.100721501
2271	0.091520468
2272	0.137085137
2273	0.102046784
2274	0.117836257
2275	0.098124098
2276	0.094152047
2277	0.080994152
2278	0.113361463
2279	0.107309942
2280	0.103318903
2281	0.085137085
2282	0.196825397
2283	0.128362573
2284	0.121500722
2285	0.108513709
2286	0.118903319
2287	0.107309942
2288	0.121500722
2289	0.078362573
2290	0.121500722
2291	0.123099415
2292	0.078362573
2293	0.165656566
2294	0.082539683
2295	0.091520468
2296	0.170467836
2297	0.121500722
2298	0.115204678
2299	0.08625731
2300	0.137085137
2301	0.100721501
2302	0.125730994
2303	0.142279942
2304	0.094152047
2305	0.100721501
2306	0.117836257
2307	0.100721501
2308	0.088888889
2309	0.103318903
2312	0.183625731
2313	0.096783626
2314	0.096783626
2315	0.096783626
2316	0.115204678
2317	0.141520468
2318	0.083625731
2319	0.078362573
2320	0.098124098
2321	0.108513709
2322	0.10994152
2323	0.088888889
2324	0.078362573
2325	0.083625731
2326	0.088888889
2327	0.126695527
2328	0.126695527
2329	0.098124098
2330	0.094152047
2331	0.088888889
2332	0.133625731
2333	0.117836257
2334	0.146783626
2335	0.108513709
2336	0.094152047
2337	0.114814815
2338	0.094152047
2339	0.155266955
2340	0.095526696
2341	0.098124098
2342	0.142279942
2343	0.100721501
2344	0.099415205
2345	0.117836257
2346	0.130994152
2347	0.105916306
2348	0.100740741
2349	0.096783626
2350	0.096783626
2368	0.123099415
2369	0.096783626
2370	0.167836257
2371	0.108513709
2372	0.202046784
2373	0.13625731
2374	0.233625731
2375	0.125730994
2376	0.121500722
2377	0.225730994
2378	0.172740741
2379	0.138888889
2380	0.082074074
2381	0.123099415
2382	0.104678363
2383	0.13625731
2384	0.102046784
2385	0.142279942
2386	0.116305916
2387	0.096783626
2388	0.112573099
2389	0.094152047
2390	0.146783626
2391	0.094152047
2392	0.183838384
2393	0.199430199
2394	0.115204678
2395	0.091520468
2396	0.137085137
2397	0.144152047
2398	0.096783626
2399	0.087734488
2400	0.157864358
2401	0.230994152
2402	0.134487734
2403	0.117836257
2404	0.125071225
2405	0.105916306
2406	0.201994302
2407	0.091520468
2408	0.094152047
2409	0.128362573
2410	0.118903319
2411	0.146783626
2412	0.196825397
2413	0.165656566
2414	0.131890332
2415	0.087734488
2416	0.128362573
2417	0.130994152
2418	0.194227994
2419	0.157309942
2420	0.078362573
2421	0.083625731
2422	0.125730994
2423	0.144877345
2424	0.088888889
2425	0.100703235
2426	0.120467836
2427	0.096783626
2428	0.133625731
2429	0.106074074
2430	0.098124098
2431	0.186609687
2432	0.082539683
2433	0.157864358
2434	0.123099415
2435	0.117378917
2436	0.137891738
2437	0.128362573
2438	0.111111111
2439	0.103318903
2440	0.104558405
2441	0.112573099
2442	0.114814815
2443	0.105916306
2444	0.15994152
2445	0.144877345
2446	0.10994152
2447	0.08625731
2448	0.147474747
2449	0.141520468
2450	0.115204678
2451	0.120467836
2452	0.22020202
2453	0.087734488
2454	0.098124098
2455	0.091520468
2456	0.095526696
2457	0.088888889
2458	0.13625731
2459	0.118903319
2460	0.099430199
2461	0.108513709
2462	0.121500722
2463	0.107309942
2464	0.107309942
2465	0.133625731
2466	0.092929293
2467	0.137085137
2468	0.105916306
2469	0.128362573
2470	0.130074074
2471	0.087734488
2472	0.091520468
2473	0.078362573
2474	0.183625731
2475	0.135327635
2476	0.103318903
2477	0.13019943
2478	0.098124098
2479	0.183625731
2480	0.125730994
2481	0.141520468
2482	0.088888889
2483	0.107309942
2484	0.113708514
2485	0.126695527
2486	0.108513709
2486.1	0.113708514
2487	0.117836257
2488	0.085137085
2489	0.099415205
2490	0.094152047
2491	0.120467836
2492	0.088888889
2493	0.104558405
2494	0.150712251
2495	0.099415205
2496	0.091520468
2497	0.094152047
2498	0.149415205
2499	0.146783626
2500	0.087734488
2501	0.162573099
2502	0.078362573
2503	0.08625731
2504	0.13625731
2505	0.204617605
2506	0.124098124
2507	0.130994152
2508	0.091520468
2509	0.09033189
2510	0.128362573
2511	0.099415205
2512	0.088888889
2513	0.117836257
2514	0.128362573
2515	0.134487734
2516	0.091520468
2517	0.13625731
2518	0.130994152
2519	0.123099415
2520	0.094152047
2521	0.102046784
2522	0.115204678
2523	0.087734488
2524	0.163059163
2525	0.083625731
2526	0.112573099
2527	0.095526696
2528	0.121500722
2529	0.091520468
2530	0.157309942
2531	0.10994152
2532	0.10994152
2533	0.116305916
2534	0.168253968
2535	0.098124098
2536	0.111111111
2537	0.094152047
2538	0.107309942
2539	0.157309942
2540	0.095526696
2541	0.092929293
2542	0.144877345
2543	0.123099415
2544	0.199415205
2545	0.112573099
2546	0.107309942
2547	0.157864358
2548	0.141520468
2549	0.13625731
2550	0.092929293
2551	0.104678363
2552	0.115204678
2553	0.267791842
2554	0.18625731
2555	0.084740741
2556	0.088888889
2557	0.124098124
2558	0.088888889
2559	0.175730994
2560	0.128362573
2561	0.107309942
2562	0.153276353
2563	0.102046784
2564	0.091520468
2565	0.13625731
2566	0.126695527
2567	0.215007215
2568	0.10994152
2569	0.10994152
2570	0.170467836
2571	0.15007215
2572	0.10994152
2573	0.124098124
2574	0.126695527
2575	0.105916306
2576	0.13968254
2577	0.199415205
2578	0.104678363
2579	0.120467836
2580	0.144152047
2581	0.084045584
2582	0.091520468
2583	0.165204678
2584	0.137085137
2585	0.144877345
2586	0.09033189
2587	0.134487734
2588	0.091520468
2589	0.144877345
2590	0.096783626
2591	0.147474747
2592	0.194227994
2593	0.113708514
2594	0.186609687
2595	0.154678363
2596	0.183625731
2597	0.173099415
2598	0.144877345
2599	0.133625731
2600	0.128362573
2601	0.170851371
2602	0.102046784
2603	0.129292929
2604	0.10994152
2605	0.144152047
2606	0.189173789
2607	0.130994152
2608	0.152046784
2609	0.128362573
2610	0.107309942
2611	0.117836257
2612	0.144152047
2613	0.10994152
2614	0.112573099
2614.1	0.123099415
2614.2	0.112573099
2615	0.103318903
2616	0.085137085
2617	0.08625731
2618	0.125730994
2619	0.10994152
2620	0.117836257
2621	0.131890332
2622	0.094301994
2623	0.094152047
2624	0.102046784
2625	0.118903319
2626	0.088888889
2627	0.088888889
2628	0.082539683
2628.1	0.087734488
2629	0.117836257
2630	0.099415205
2631	0.095526696
2632	0.217836257
2633	0.115204678
2634	0.165204678
2635	0.129292929
2636	0.189033189
2637	0.117836257
2638	0.088888889
2639	0.107309942
2640	0.117836257
2641	0.111111111
2642	0.102046784
2643	0.102046784
2644	0.141520468
2645	0.10994152
2646	0.176046176
2647	0.125730994
2648	0.123099415
2649	0.144152047
2650	0.168660969
2651	0.116305916
2652	0.099415205
2653	0.09033189
2654	0.095526696
2655	0.095526696
2656	0.121500722
2657	0.098124098
2658	0.125730994
2659	0.137085137
2660	0.096783626
2661	0.125730994
2662	0.149415205
2663	0.102046784
2664	0.074747475
2665	0.126695527
2666	0.099415205
2667	0.133625731
2668	0.099415205
2669	0.104678363
2670	0.107309942
2671	0.115204678
2672	0.102046784
2673	0.149415205
2674	0.167836257
2675	0.117836257
2676	0.13625731
2677	0.089173789
2678	0.107309942
2679	0.100721501
2680	0.112250712
2681	0.123099415
2682	0.104678363
2683	0.128362573
2684	0.09033189
2685	0.088888889
2686	0.123099415
2687	0.121500722
2688	0.100721501
2689	0.08625731
2690	0.128362573
2691	0.117836257
2692	0.099415205
2693	0.21994302
2694	0.091520468
2695	0.183838384
2696	0.113708514
2697	0.115204678
2697.1	0.104678363
2698	0.098124098
2699	0.111111111
2700	0.094152047
2701	0.096783626
2702	0.117836257
2703	0.123099415
2704	0.104678363
2705	0.096783626
2706	0.09033189
2707	0.146783626
2708	0.130994152
2709	0.152669553
2710	0.078362573
2711	0.088888889
2712	0.074747475
2713	0.102046784
2714	0.107309942
2715	0.149415205
2716	0.104558405
2717	0.13625731
2718	0.099415205
2719	0.123099415
2720	0.087734488
2721	0.115204678
2722	0.141520468
2723	0.13968254
2724	0.099415205
2725	0.137085137
2726	0.088888889
2727	0.108513709
2728	0.087734488
2729	0.127635328
2730	0.091520468
2731	0.13968254
2732	0.113708514
2733	0.191630592
2734	0.173448773
2735	0.115204678
2736	0.132763533
2737	0.125730994
2738	0.173448773
2739	0.123099415
2740	0.102046784
2741	0.137085137
2742	0.127635328
2743	0.184045584
2743.1	0.176353276
2744	0.138888889
2745	0.081481481
2746	0.096783626
2747	0.142279942
2748	0.091520468
2749	0.099415205
2750	0.146783626
2751	0.112573099
2752	0.148148148
2753	0.113708514
2754	0.125730994
2755	0.107309942
2756	0.181715893
2757	0.115204678
2758	0.080994152
2759	0.10994152
2760	0.134487734
2761	0.087734488
2762	0.107309942
2763	0.104678363
2764	0.170467836
2765	0.246176046
2766	0.096783626
2767	0.133614627
2768	0.116305916
2769	0.138888889
2770	0.100721501
2771	0.134487734
2772	0.111111111
2773	0.154678363
2774	0.075730994
2775	0.08625731
2776	0.102046784
2777	0.157864358
2778	0.105916306
2779	0.078362573
2780	0.094152047
2781	0.138888889
2782	0.091520468
2783	0.133625731
2784	0.137891738
2785	0.105916306
2786	0.131890332
2787	0.094301994
2788	0.120467836
2789	0.204617605
2790	0.142279942
2791	0.13968254
2792	0.158404558
2793	0.13625731
2794	0.094301994
2795	0.120467836
2796	0.154678363
2797	0.107309942
2798	0.087734488
2799	0.087734488
2800	0.09033189
2801	0.096783626
2802	0.080994152
2802.1	0.08625731
2803	0.08625731
2804	0.088888889
2805	0.113708514
2806	0.147474747
2807	0.09033189
2808	0.10994152
2809	0.105916306
2810	0.176046176
2811	0.130994152
2812	0.20994152
2813	0.13968254
2814	0.202046784
2815	0.144152047
2816	0.09033189
2817	0.095526696
2818	0.107309942
2819	0.125730994
2820	0.138888889
2821	0.07994228
2822	0.165656566
2823	0.091520468
2824	0.141520468
2825	0.130994152
2826	0.173099415
2827	0.126695527
2828	0.095526696
2829	0.111111111
2830	0.08625731
2831	0.112573099
2832	0.104678363
2833	0.112573099
2834	0.119407407
2835	0.112573099
2836	0.083625731
2837	0.117836257
2838	0.107309942
2839	0.148148148
2840	0.133625731
2841	0.152046784
2842	0.147474747
2843	0.091520468
2844	0.123099415
2845	0.130994152
2846	0.191630592
2847	0.199437412
2848	0.181240981
2849	0.165204678
2850	0.223099415
2851	0.126019691
2852	0.157864358
2853	0.094152047
2854	0.157309942
2855	0.089173789
2856	0.13019943
2857	0.147474747
2858	0.133625731
2859	0.082539683
2860	0.115204678
2861	0.095526696
2861.1	0.103318903
2862	0.07994228
2863	0.108513709
2864	0.096783626
2865	0.16046176
2866	0.075730994
2867	0.199415205
2868	0.212573099
2869	0.165656566
2870	0.123099415
2871	0.13968254
2872	0.102046784
2873	0.146783626
2874	0.123099415
2875	0.088888889
2876	0.147474747
2877	0.157309942
2878	0.102046784
2879	0.130994152
2880	0.170467836
2881	0.146783626
2882	0.125730994
2883	0.238888889
2884	0.175730994
2885	0.112573099
2886	0.111111111
2887	0.10994152
2888	0.118903319
2889	0.178917379
2890	0.152046784
2891	0.20968661
2892	0.152046784
2893	0.117378917
2894	0.104678363
2895	0.129292929
2896	0.168253968
2897	0.178643579
2898	0.091520468
2899	0.189033189
2900	0.120467836
2901	0.162573099
2902	0.129292929
2903	0.10994152
2904	0.222799423
2905	0.183838384
2906	0.085137085
2907	0.120467836
2908	0.128362573
2909	0.150712251
2910	0.113708514
2911	0.086609687
2912	0.112573099
2913	0.243578644
2914	0.157309942
2915	0.108513709
2916	0.133625731
2917	0.152046784
2918	0.142279942
2919	0.147474747
2920	0.184045584
2921	0.126695527
2922	0.155266955
2923	0.147474747
2924	0.13968254
2925	0.108513709
2926	0.112573099
2927	0.123099415
2928	0.125730994
2929	0.157864358
2930	0.165656566
2931	0.123099415
2932	0.105916306
2933	0.15007215
2934	0.118903319
2935	0.217836257
2936	0.144877345
2937	0.128362573
2938	0.117836257
2939	0.13968254
2940	0.130994152
2941	0.15994152
2942	0.124098124
2943	0.118903319
2944	0.10994152
2945	0.087734488
2946	0.129292929
2947	0.107309942
2948	0.117836257
2949	0.102046784
2950	0.149415205
2951	0.099415205
2952	0.13019943
2953	0.133625731
2954	0.112573099
2955	0.100740741
2956	0.133625731
2957	0.165204678
2958	0.199415205
2959	0.238383838
2960	0.173448773
2961	0.099415205
2962	0.124098124
2963	0.10994152
2964	0.181240981
2965	0.10994152
2966	0.120467836
2967	0.121500722
2968	0.112573099
2969	0.112573099
2970	0.130994152
2971	0.091520468
2972	0.08625731
2973	0.116305916
2974	0.133625731
2975	0.104678363
2976	0.13968254
2977	0.138888889
2978	0.147474747
2979	0.180994152
2980	0.125730994
2981	0.08625731
2982	0.129292929
2983	0.154678363
2984	0.10994152
2985	0.104678363
2985.1	0.096783626
2986	0.117836257
2987	0.112573099
2988	0.112573099
2989	0.100721501
2990	0.096783626
2991	0.143019943
2992	0.133625731
2993	0.117836257
2994	0.102046784
2995	0.162573099
2996	0.102046784
2997	0.083625731
2998	0.082981716
2998.1	0.08045007
2999	0.086609687
3000	0.115204678
3001	0.157309942
3002	0.078362573
3003	0.115204678
3004	0.141520468
3005	0.098124098
3006	0.148804501
3007	0.10994152
3008	0.083625731
3009	0.091520468
3010	0.08625731
3011	0.144152047
3012	0.08625731
3013	0.130994152
3014	0.10994152
3015	0.096783626
3016	0.103318903
3017	0.095526696
3018	0.191630592
3019	0.104678363
3020	0.116305916
3021	0.146783626
3022	0.113708514
3023	0.132763533
3024	0.149415205
3025	0.094152047
3026	0.120467836
3027	0.105916306
3028	0.083625731
3029	0.145584046
3030	0.178362573
3031	0.126695527
3032	0.126695527
3033	0.146783626
3034	0.13968254
3035	0.116305916
3036	0.100721501
3037	0.168660969
3038	0.186609687
3039	0.124098124
3040	0.18625731
3041	0.111111111
3042	0.08625731
3043	0.091520468
3044	0.09033189
3045	0.138888889
3046	0.118903319
3047	0.088888889
3048	0.133625731
3049	0.148148148
3050	0.091520468
3051	0.088888889
3052	0.092929293
3053	0.103318903
3054	0.126695527
3055	0.094152047
3056	0.083625731
3057	0.092929293
3058	0.085137085
3059	0.096783626
3060	0.10994152
3061	0.130994152
3062	0.104678363
3063	0.141520468
3064	0.137891738
3065	0.103318903
3066	0.157309942
3067	0.141520468
3068	0.102046784
3069	0.152046784
3070	0.124098124
3071	0.08625731
3072	0.10994152
3073	0.163059163
3074	0.117378917
3075	0.126695527
3076	0.105916306
3077	0.102046784
3078	0.08625731
3079	0.091520468
3080	0.107309942
3081	0.137085137
3082	0.129292929
3083	0.118903319
3084	0.092929293
3085	0.120467836
3086	0.175730994
3087	0.102046784
3088	0.115204678
3089	0.07994228
3090	0.129292929
3091	0.095526696
3092	0.104678363
3093	0.113708514
3094	0.088888889
3095	0.088888889
3096	0.095526696
3097	0.120467836
3098	0.123099415
3099	0.094152047
3100	0.094152047
3101	0.096783626
3102	0.096783626
3103	0.13625731
3104	0.149415205
3105	0.238383838
3106	0.117836257
3107	0.128362573
3108	0.157309942
3109	0.099415205
3110	0.144877345
3111	0.154678363
3112	0.141520468
3113	0.183625731
3114	0.126695527
3115	0.112573099
3116	0.144877345
3117	0.141520468
3118	0.104678363
3119	0.163059163
3120	0.157309942
3121	0.123099415
3122	0.170851371
3123	0.123099415
3124	0.096783626
3125	0.091520468
3126	0.128362573
3127	0.128362573
3128	0.144877345
3129	0.104678363
3130	0.124098124
3131	0.115204678
3132	0.096783626
3133	0.125730994
3134	0.145584046
3135	0.155266955
3136	0.10994152
3137	0.116305916
3138	0.13625731
3139	0.096783626
3140	0.13019943
3141	0.18625731
3142	0.223099415
3143	0.212573099
3144	0.099415205
3145	0.130994152
3146	0.104678363
3147	0.116305916
3148	0.094152047
3149	0.08625731
3150	0.120467836
3151	0.189033189
3152	0.099415205
3153	0.094152047
3154	0.121500722
3155	0.099430199
3156	0.113708514
3157	0.152046784
3158	0.10994152
3159	0.117836257
3160	0.108513709
3161	0.120467836
3162	0.112573099
3163	0.130994152
3164	0.074747475
3165	0.094152047
3166	0.142279942
3167	0.125730994
3168	0.102046784
3169	0.077344877
3170	0.105916306
3171	0.088888889
3172	0.080994152
3173	0.078362573
3174	0.085137085
3175	0.111111111
3176	0.144152047
3177	0.122507123
3178	0.099415205
3179	0.094152047
3180	0.102046784
3181	0.130994152
3182	0.128362573
3183	0.104678363
3184	0.129292929
3185	0.085137085
3186	0.096783626
3187	0.099415205
3188	0.173448773
3189	0.147474747
3190	0.178643579
3191	0.120467836
3192	0.112573099
3193	0.091520468
3194	0.099415205
3195	0.096783626
3196	0.112573099
3197	0.088888889
3198	0.194301994
3199	0.096783626
3200	0.095526696
3201	0.130994152
3202	0.173448773
3203	0.131890332
3204	0.138888889
3205	0.201969058
3206	0.096783626
3207	0.120467836
3208	0.129292929
3209	0.087734488
3210	0.088888889
3211	0.102046784
3212	0.141520468
3213	0.130994152
3214	0.112573099
3215	0.115204678
3216	0.120467836
3217	0.098124098
3218	0.129292929
3219	0.100721501
3220	0.099415205
3224	0.088888889
3226	0.099415205
3228	0.088888889
3229	0.099415205
3231	0.088888889
3235	0.087407407
3238	0.101994302
3241	0.111111111
3244	0.105916306
3246	0.080994152
3249	0.105916306
3251	0.08625731
3252	0.099415205
3254	0.098124098
3256	0.15007215
3257	0.165656566
3259	0.224753868
3261	0.144152047
3262	0.094152047
3264	0.142279942
3265	0.112573099
3267	0.080994152
3269	0.091520468
3271	0.102046784
3273	0.111111111
3275	0.104678363
3277	0.08625731
3279	0.083625731
3282	0.107309942
3283	0.144152047
3285	0.117836257
3287	0.183838384
3290	0.096783626
3292	0.112573099
3294	0.133625731
3296	0.08625731
3298	0.191630592
3304	0.147474747
3306	0.150712251
3308	0.112573099
3311	0.129292929
3313	0.100721501
3315	0.102046784
3316	0.108513709
3317	0.118903319
3319	0.099415205
3320	0.148148148
3321	0.08625731
3322	0.115204678
3325	0.088888889
3328	0.108740741
3334	0.099415205
3337	0.099415205
3338	0.075730994
3340	0.104678363
3341	0.112573099
3342	0.104678363
3343	0.091520468
3345	0.085137085
3347	0.120467836
3348	0.08625731
3349	0.078362573
3350	0.100721501
3351	0.094152047
3352	0.102046784
3353	0.120467836
3354	0.107309942
3355	0.13968254
3356	0.091520468
3357	0.107309942
3358	0.094152047
3358.1	0.094152047
3358.2	0.091520468
3359	0.116305916
3360	0.13968254
3361	0.103318903
3362	0.117836257
3362.1	0.115204678
3363	0.08625731
3364	0.116305916
3365	0.078362573
3366	0.088888889
3367	0.105916306
3368	0.105916306
3369	0.088888889
3370	0.09033189
3371	0.107309942
3372	0.080994152
3373	0.096783626
3374	0.091520468
3375	0.121500722
3376	0.128362573
3376.1	0.144152047
3377	0.104678363
3378	0.08625731
3379	0.099415205
3380	0.113708514
3381	0.102046784
3382	0.125730994
3383	0.146783626
3384	0.078362573
3385	0.078362573
3386	0.08625731
3387	0.103318903
3388	0.094152047
3389	0.096783626
3390	0.102046784
3391	0.107309942
3392	0.085137085
3393	0.095526696
3394	0.083625731
3395	0.115204678
3396	0.08625731
3397	0.094152047
3398	0.094152047
3399	0.133625731
3400	0.117836257
3401	0.147474747
3402	0.104678363
3403	0.138888889
3404	0.102046784
3405	0.130994152
3405.1	0.130994152
3406	0.10994152
3407	0.094152047
3408	0.117836257
3409	0.10994152
3410	0.096783626
3411	0.088888889
3412	0.102046784
3413	0.125730994
3414	0.123099415
3415	0.141520468
3416	0.099415205
3417	0.141520468
3418	0.100721501
3419	0.119365079
3420	0.08625731
3421	0.08625731
3422	0.144877345
3423	0.099430199
3424	0.096783626
3425	0.099415205
3426	0.115204678
3427	0.115204678
3428	0.120467836
3429	0.137085137
3430	0.105916306
3431	0.094152047
3432	0.08625731
3433	0.158404558
3434	0.10994152
3435	0.092929293
3436	0.096783626
3437	0.137085137
3438	0.095526696
3439	0.112573099
3440	0.116305916
3441	0.141520468
3442	0.096783626
3443	0.10994152
3444	0.117836257
3445	0.095407407
3446	0.094152047
3447	0.120467836
3448	0.094152047
3449	0.096783626
3450	0.123099415
3451	0.115204678
3452	0.111111111
3453	0.099415205
3454	0.104678363
3455	0.112573099
3456	0.099415205
3457	0.088888889
3458	0.123099415
3459	0.096783626
3460	0.112573099
3461	0.101994302
3462	0.080994152
3463	0.138888889
3464	0.094152047
3465	0.08625731
3466	0.088888889
3467	0.102046784
3468	0.104678363
3469	0.096783626
3470	0.149415205
3471	0.217604618
3472	0.100721501
3473	0.123099415
3474	0.15007215
3475	0.15994152
3476	0.115204678
3477	0.181481481
3478	0.096783626
3479	0.115204678
3480	0.087734488
3481	0.107122507
3482	0.088888889
3482.1	0.091520468
3483	0.125730994
3484	0.102046784
3485	0.129292929
3486	0.100721501
3487	0.088888889
3488	0.103318903
3489	0.094152047
3490	0.085137085
3491	0.173099415
3492	0.10994152
3493	0.120467836
3493.1	0.102046784
3494	0.099415205
3495	0.099415205
3496	0.108513709
3497	0.100721501
3498	0.09033189
3499	0.096783626
3500	0.078362573
3501	0.091520468
3502	0.091520468
3503	0.094152047
3504	0.08625731
3505	0.091520468
3506	0.087734488
3507	0.094152047
3508	0.18625731
3509	0.102046784
3510	0.099415205
3511	0.104678363
3512	0.102046784
3513	0.096783626
3514	0.102046784
3515	0.096783626
3516	0.11994302
3517	0.104678363
3518	0.130994152
3519	0.173099415
3520	0.112573099
3521	0.102046784
3522	0.096866097
3523	0.099415205
3524	0.111111111
3525	0.085137085
3526	0.080994152
3527	0.099415205
3528	0.113708514
3529	0.088888889
3530	0.099415205
3531	0.13968254
3532	0.099415205
3533	0.083625731
3534	0.120467836
3535	0.107122507
3536	0.095526696
3537	0.144877345
3537.1	0.15007215
3538	0.117836257
3539	0.098124098
3540	0.103318903
3541	0.08625731
3542	0.090576653
3543	0.096783626
3544	0.120467836
3545	0.144152047
3546	0.102046784
3547	0.10994152
3548	0.102046784
3549	0.094152047
3550	0.108513709
3551	0.095526696
3552	0.077344877
3553	0.094152047
3554	0.104678363
3555	0.094152047
3556	0.099415205
3557	0.096783626
3558	0.118903319
3559	0.107309942
3560	0.115204678
3561	0.102046784
3562	0.096783626
3563	0.088888889
3564	0.08625731
3565	0.083625731
3566	0.215204678
3567	0.111111111
3568	0.144152047
3569	0.091520468
3570	0.083625731
3571	0.13019943
3572	0.091520468
3573	0.094152047
3574	0.104678363
3575	0.094152047
3576	0.091520468
3577	0.113708514
3578	0.116305916
3579	0.146783626
3580	0.094152047
3581	0.141520468
3582	0.107309942
3583	0.105916306
3584	0.157864358
3585	0.128362573
3586	0.123099415
3587	0.088888889
3588	0.075730994
3589	0.100721501
3590	0.14045584
3591	0.122507123
3592	0.111111111
3593	0.115204678
3594	0.123099415
3595	0.095526696
3596	0.162573099
3597	0.080994152
3598	0.082539683
3599	0.080994152
3600	0.075730994
3601	0.145584046
3602	0.098124098
3603	0.112573099
3604	0.103318903
3605	0.133625731
3606	0.08625731
3607	0.094152047
3608	0.111111111
3609	0.099430199
3610	0.082539683
3611	0.080994152
3613	0.096783626
3614	0.107309942
3615	0.096783626
3616	0.141520468
3617	0.082539683
3618	0.094152047
3619	0.13968254
3620	0.133625731
3621	0.113708514
3622	0.083625731
3623	0.078362573
3624	0.092929293
3626	0.078362573
3628	0.082539683
3629	0.078362573
3630	0.111111111
3631	0.157309942
3632	0.083625731
3633	0.165656566
3634	0.131890332
3635	0.132763533
3636	0.088888889
3637	0.10994152
3638	0.085137085
3639	0.126695527
3640	0.096783626
3641	0.095526696
3642	0.082539683
3643	0.091520468
3644	0.073099415
3645	0.13625731
3646	0.075730994
3647	0.144152047
3648	0.112573099
3649	0.085137085
3650	0.096783626
3652	0.124098124
3653	0.09033189
3654	0.087734488
3655	0.094152047
3656	0.083625731
3657	0.14045584
3658	0.095526696
3659	0.10994152
3660	0.128362573
3661	0.078362573
3663	0.099415205
3664	0.073789174
3665	0.098124098
3666	0.124098124
3667	0.111111111
3668	0.108513709
3669	0.204558405
3670	0.102046784
3671	0.149415205
3672	0.082539683
3673	0.08625731
3674	0.130994152
3675	0.099415205
3676	0.107309942
3677	0.10994152
3678	0.094301994
3679	0.091520468
3680	0.094152047
3681	0.096783626
3682	0.099415205
3683	0.158404558
3684	0.131890332
3685	0.105916306
3686	0.129292929
3687	0.108513709
3689	0.112250712
3690	0.167836257
3692	0.104678363
3693	0.096783626
3695	0.099415205
3696	0.104678363
3697	0.08625731
3698	0.104678363
3699	0.099415205
3700	0.118903319
3701	0.112573099
3702	0.08625731
3703	0.080994152
3704	0.094152047
3705	0.08625731
3706	0.117836257
3707	0.082539683
3708	0.104678363
3709	0.091520468
3710	0.099415205
3711	0.154678363
3712	0.13968254
3713	0.120467836
3714	0.165204678
3715	0.117836257
3716	0.083625731
3717	0.10994152
3718	0.145584046
3719	0.154678363
3720	0.144152047
3721	0.100721501
3722	0.098124098
3723	0.096783626
3724	0.094152047
3725	0.141520468
3726	0.194227994
3727	0.13625731
3728	0.092929293
3729	0.113708514
3730	0.120467836
3731	0.152046784
3732	0.115204678
3733	0.170467836
3734	0.099415205
3735	0.144877345
3736	0.147474747
3737	0.152046784
3738	0.112573099
3739	0.199422799
3740	0.15994152
3741	0.191520468
3742	0.175730994
3743	0.147474747
3744	0.168253968
3745	0.196866097
3746	0.127635328
3747	0.130994152
3748	0.113708514
3749	0.146783626
3750	0.116305916
3751	0.176046176
3752	0.120467836
3753	0.138888889
3754	0.092331768
3755	0.102046784
3756	0.096783626
3757	0.126695527
3758	0.104678363
3759	0.105916306
3760	0.107309942
3761	0.10994152
3762	0.152046784
3763	0.099430199
3764	0.117836257
3765	0.091520468
3766	0.092929293
3767	0.120467836
3768	0.152046784
3769	0.111111111
3770	0.080994152
3771	0.130994152
3772	0.07994228
3773	0.104678363
3774	0.10994152
3775	0.115204678
3776	0.112573099
3777	0.149415205
3778	0.147474747
3779	0.083625731
3780	0.154678363
3781	0.120467836
3782	0.078362573
3783	0.10994152
3784	0.092929293
3785	0.131890332
3786	0.104678363
3787	0.120467836
3788	0.130994152
3789	0.10994152
3790	0.094152047
3792	0.253276353
3793	0.117836257
3794	0.091520468
3795	0.135327635
3796	0.102046784
3797	0.116305916
3798	0.144152047
3799	0.116305916
3800	0.092929293
3801	0.094152047
3802	0.104678363
3803	0.142279942
3804	0.133625731
3805	0.104678363
3806	0.155840456
3807	0.07994228
3808	0.13625731
3809	0.115204678
3810	0.134487734
3812	0.152046784
3813	0.116305916
3814	0.108513709
3815	0.09033189
3816	0.133625731
3817	0.133625731
3818	0.116305916
3819	0.09033189
3820	0.099415205
3821	0.116305916
3822	0.082539683
3823	0.07994228
3824	0.118903319
3825	0.115204678
3826	0.132763533
3827	0.167836257
3828	0.08625731
3829	0.091520468
3830	0.08625731
3831	0.099415205
3832	0.117836257
3833	0.10994152
3834	0.180994152
3835	0.099415205
3836	0.144152047
3837	0.09033189
3838	0.129292929
3839	0.085137085
3840	0.099415205
3841	0.10968661
3842	0.091520468
3843	0.094152047
3844	0.080994152
3845	0.113708514
3846	0.091520468
3847	0.104678363
3848	0.142279942
3849	0.078362573
3850	0.107309942
3851	0.121500722
3853	0.09033189
3854	0.105916306
3855	0.088888889
3856	0.104678363
3858	0.111111111
3859	0.141520468
3860	0.10994152
3861	0.117836257
3862	0.107309942
3863	0.135327635
3864	0.133625731
3865	0.115204678
3866	0.083625731
3867	0.099415205
3868	0.123099415
3869	0.111111111
3870	0.094152047
3871	0.098124098
3872	0.102046784
3873	0.092929293
3874	0.120467836
3876	0.126695527
3877	0.099415205
3881	0.107309942
3883	0.098074074
3887	0.102046784
3888	0.091520468
3889	0.095407407
3890	0.107309942
3891	0.150712251
3892	0.075730994
3893	0.080994152
3894	0.116305916
3895	0.082539683
3896	0.129292929
3897	0.099415205
3898	0.124382716
3899	0.08625731
3900	0.091520468
3901	0.116305916
3902	0.144877345
3903	0.099415205
3904	0.094152047
3905	0.085137085
3906	0.092929293
3908	0.091520468
3909	0.099415205
3910	0.107309942
3911	0.080994152
3912	0.080994152
3913	0.107309942
3914	0.094152047
3915	0.096783626
3916	0.107309942
3917	0.102046784
3918	0.104678363
3919	0.111111111
3920	0.078362573
3921	0.08625731
3922	0.108513709
3923	0.108513709
3924	0.094152047
3925	0.152046784
3926	0.113708514
3927	0.113708514
3928	0.149415205
3929	0.168253968
3930	0.08625731
3931	0.104678363
3932	0.15007215
3933	0.178362573
3934	0.188888889
3935	0.132763533
3936	0.202046784
3937	0.105916306
3938	0.18625731
3939	0.133625731
3940	0.112573099
3941	0.08625731
3942	0.099415205
3943	0.080994152
3944	0.083625731
3945	0.096783626
3946	0.108513709
3947	0.077344877
3948	0.121500722
3949	0.116305916
3950	0.10994152
3951	0.091520468
3952	0.116305916
3953	0.091520468
3954	0.088888889
3955	0.080994152
3956	0.098124098
3958	0.096783626
3959	0.13968254
3960	0.112573099
3961	0.078362573
3963	0.077344877
3964	0.152046784
3965	0.091520468
3966	0.078362573
3967	0.111111111
3968	0.08625731
3970	0.154678363
3971	0.099415205
3972	0.104678363
3974	0.095526696
3975	0.157309942
3976	0.173448773
3977	0.170467836
3979	0.133625731
3980	0.180994152
3981	0.123099415
3982	0.162573099
3983	0.083625731
3984	0.098124098
3986	0.100721501
3987	0.10994152
3988	0.087734488
3989	0.108513709
3990	0.118903319
3992	0.103318903
3994	0.118903319
3995	0.144152047
3996	0.123099415
3997	0.091520468
3998	0.100721501
3999	0.142279942
4001	0.095526696
4002	0.099415205
4004	0.098124098
4005	0.08625731
4007	0.111111111
4009	0.095526696
4010	0.102046784
4012	0.088888889
4013	0.128362573
4014	0.117378917
4015	0.133625731
4016	0.103318903
4017	0.085137085
4018	0.080994152
4019	0.154678363
4020	0.101994302
4021	0.08625731
4022	0.092929293
4023	0.096783626
4024	0.096783626
4025	0.095526696
4027	0.087734488
4028	0.117378917
4029	0.078917379
4030	0.10994152
4031	0.123099415
4032	0.094301994
4033	0.13625731
4034	0.092929293
4035	0.104678363
4036	0.138888889
4037	0.116305916
4038	0.111111111
4039	0.189033189
4040	0.111111111
4041	0.078362573
4042	0.08625731
4043	0.091520468
4044	0.075730994
4045	0.088888889
4046	0.107309942
4047	0.123099415
4048	0.113708514
4049	0.101994302
4050	0.085137085
4051	0.099415205
4052	0.108513709
4053	0.09033189
4054	0.091520468
4055	0.103318903
4056	0.120467836
4057	0.15007215
4058	0.094152047
4059	0.071225071
4060	0.128362573
4061	0.104678363
4062	0.083625731
4063	0.08625731
4064	0.075730994
4065	0.096866097
4066	0.078362573
4067	0.083625731
4068	0.087734488
4069	0.104678363
4070	0.096783626
4071	0.129292929
4072	0.091520468
4073	0.094152047
4074	0.13019943
4075	0.142279942
4076	0.075730994
4077	0.088888889
4078	0.098124098
4079	0.091520468
4080	0.103318903
4081	0.117378917
4082	0.155266955
4083	0.126695527
4084	0.078362573
4085	0.088888889
4086	0.104678363
4087	0.133625731
4088	0.117836257
4090	0.10994152
4091	0.099415205
4092	0.075730994
4093	0.099430199
4095	0.078362573
4096	0.108513709
4097	0.091520468
4099	0.09033189
4100	0.083625731
4102	0.117836257
4103	0.112573099
4104	0.13625731
4105	0.137085137
4107	0.145584046
4108	0.117836257
4109	0.08625731
4110	0.107309942
4112	0.112573099
4114	0.078362573
4115	0.149415205
4117	0.102046784
4118	0.162573099
4119	0.10994152
4120	0.125730994
4121	0.141049383
4123	0.096783626
4124	0.132763533
4126	0.15007215
4127	0.120467836
4128	0.120467836
4129	0.104558405
4130	0.114814815
4131	0.095526696
4132	0.141520468
4133	0.102046784
4134	0.085137085
4135	0.099415205
4136	0.08625731
4137	0.15994152
4138	0.130994152
4139	0.088888889
4140	0.088888889
4141	0.091520468
4142	0.082539683
4143	0.088888889
4144	0.096783626
4145	0.107309942
4146	0.088888889
4147	0.094152047
4148	0.094152047
4149	0.08625731
4150	0.096783626
4151	0.111111111
4152	0.08625731
4153	0.102046784
4155	0.107309942
4157	0.080994152
4158	0.099415205
4159	0.100721501
4161	0.091520468
4162	0.098124098
4163	0.088888889
4165	0.091520468
4167	0.104678363
4168	0.105916306
4170	0.112573099
4171	0.094152047
4172	0.095526696
4173	0.123099415
4174	0.112250712
4175	0.121500722
4176	0.092929293
4178	0.117836257
4179	0.128362573
4181	0.096783626
4182	0.094152047
4183	0.10994152
4184	0.083625731
4186	0.099415205
4188	0.115204678
4190	0.125730994
4191	0.085137085
4193	0.083625731
4194	0.088888889
4195	0.096783626
4196	0.091520468
4197	0.094152047
4198	0.101994302
4199	0.092929293
4200	0.085137085
4201	0.116305916
4202	0.083625731
4203	0.098124098
4204	0.107309942
4205	0.098124098
4206	0.104678363
4208	0.091520468
4210	0.078362573
4212	0.118903319
4213	0.103318903
4215	0.163532764
4216	0.120467836
4217	0.096783626
4218	0.102046784
4219	0.088888889
4221	0.199422799
4222	0.130994152
4223	0.124098124
4224	0.085137085
4225	0.111111111
4226	0.08625731
4228	0.112573099
4229	0.144152047
4230	0.146783626
4231	0.100721501
4232	0.075730994
4233	0.108513709
4234	0.10994152
4235	0.116305916
4237	0.15994152
4238	0.121500722
4239	0.107309942
4240	0.088888889
4241	0.095526696
4242	0.116305916
4243	0.075730994
4244	0.123099415
4246	0.096783626
4247	0.096783626
4248	0.15994152
4249	0.10994152
4250	0.13625731
4251	0.094152047
4252	0.105916306
4253	0.108513709
4255	0.134487734
4256	0.091520468
4257	0.083625731
4258	0.094152047
4259	0.099415205
4260	0.107309942
4261	0.102046784
4262	0.091520468
4263	0.115204678
4265	0.080994152
4267	0.123099415
4268	0.103318903
4269	0.167836257
4270	0.10994152
4271	0.088888889
4272	0.103318903
4273	0.092929293
4274	0.133625731
4275	0.088888889
4276	0.075730994
4277	0.08625731
4278	0.099415205
4279	0.157864358
4280	0.094152047
4281	0.092929293
4282	0.120467836
4283	0.112573099
4284	0.157864358
4285	0.107309942
4286	0.088888889
4287	0.096783626
4288	0.092929293
4289	0.107309942
4290	0.08625731
4291	0.080994152
4292	0.078917379
4293	0.075730994
4294	0.088888889
4295	0.117836257
4296	0.098124098
4297	0.075730994
4298	0.134487734
4299	0.152046784
4300	0.104678363
4301	0.116305916
4302	0.124098124
4303	0.126695527
4304	0.10994152
4305	0.107309942
4306	0.127635328
4307	0.09033189
4308	0.112573099
4309	0.102046784
4310	0.10994152
4311	0.096783626
4312	0.144152047
4313	0.117836257
4314	0.104678363
4315	0.083625731
4316	0.091520468
4317	0.102046784
4318	0.105916306
4319	0.080994152
4320	0.088888889
4321	0.088888889
4322	0.13625731
4323	0.08625731
4324	0.142279942
4325	0.102046784
4326	0.10994152
4327	0.13625731
4328	0.077344877
4329	0.107309942
4330	0.128362573
4332	0.100721501
4333	0.113708514
4334	0.096783626
4335	0.077344877
4336	0.13625731
4337	0.088888889
4338	0.099415205
4339	0.104678363
4340	0.120467836
4341	0.07994228
4342	0.08625731
4343	0.102046784
4344	0.083625731
4345	0.103318903
4346	0.091520468
4347	0.189033189
4348	0.094152047
4349	0.102046784
4350	0.10994152
4351	0.111111111
4352	0.10994152
4353	0.117836257
4354	0.123099415
4355	0.149415205
4356	0.091520468
4357	0.125730994
4358	0.091520468
4359	0.096783626
4361	0.095526696
4362	0.116305916
4363	0.133625731
4364	0.105916306
4365	0.133625731
4366	0.123099415
4367	0.107309942
4368	0.088888889
4369	0.094152047
4370	0.130994152
4371	0.103318903
4373	0.102046784
4374	0.111111111
4375	0.07994228
4376	0.130994152
4377	0.115204678
4378	0.091520468
4379	0.125730994
4380	0.094152047
4381	0.115204678
4382	0.08625731
4383	0.091520468
4384	0.091520468
4385	0.099415205
4386	0.121500722
4387	0.094152047
4388	0.112573099
4389	0.096783626
4390	0.102046784
4391	0.112573099
4392	0.115204678
4393	0.098124098
4394	0.091520468
4395	0.10994152
4396	0.133625731
4397	0.096783626
4399	0.07994228
4400	0.087734488
4401	0.102046784
4402	0.125730994
4403	0.083625731
4404	0.141520468
4405	0.121500722
4406	0.124098124
4407	0.10994152
4409	0.126695527
4410	0.105916306
4411	0.104678363
4412	0.125730994
4413	0.104678363
4414	0.096783626
4415	0.102046784
4416	0.120467836
4417	0.094152047
4418	0.098124098
4419	0.087734488
4420	0.099415205
4421	0.104678363
4422	0.099415205
4423	0.123099415
4424	0.123099415
4425	0.08625731
4426	0.123099415
4427	0.09033189
4428	0.096783626
4429	0.104678363
4430	0.121500722
4431	0.104678363
4432	0.108513709
4433	0.099415205
4434	0.085137085
4435	0.123099415
4436	0.091520468
4437	0.120467836
4438	0.142279942
4439	0.138888889
4440	0.133625731
4441	0.13625731
4442	0.107309942
4443	0.125730994
4444	0.083625731
4445	0.099415205
4446	0.083625731
4447	0.123099415
4448	0.10994152
4449	0.132763533
4450	0.094152047
4451	0.085137085
4452	0.094152047
4453	0.085137085
4454	0.085137085
4455	0.102046784
4456	0.107309942
4457	0.08625731
4458	0.099415205
4459	0.098124098
4460	0.099415205
4461	0.116305916
4462	0.099415205
4463	0.120467836
4464	0.096783626
4466	0.087734488
4467	0.099415205
4468	0.091520468
4469	0.100721501
4470	0.137085137
4471	0.08625731
4472	0.087734488
4473	0.088888889
4474	0.087734488
4475	0.15994152
4476	0.117836257
4477	0.112573099
4478	0.085137085
4479	0.147474747
4480	0.123099415
4481	0.102046784
4482	0.099415205
4483	0.07994228
4484	0.084045584
4485	0.115204678
4486	0.116305916
4487	0.102046784
4488	0.134487734
4489	0.08625731
4490	0.099415205
4491	0.105916306
4492	0.073099415
4493	0.094152047
4494	0.081481481
4495	0.107309942
4496	0.122507123
4497	0.118903319
4498	0.083625731
4499	0.095526696
4500	0.077344877
4501	0.096783626
4502	0.111111111
4503	0.092929293
4504	0.08625731
4505	0.085137085
4506	0.085137085
4507	0.092929293
4508	0.09033189
4509	0.10994152
4510	0.133625731
4511	0.078362573
4512	0.115204678
4513	0.096783626
4514	0.09033189
4515	0.102046784
4516	0.125730994
