uta	att
4	0.10994152
6	0.131890332
7	0.09033189
8	0.096783626
9	0.105387205
10	0.128362573
11	0.107309942
12	0.099415205
14	0.115204678
15	0.113708514
18	0.112573099
19	0.10994152
20	0.112573099
21	0.105916306
22	0.138888889
23	0.098074074
24	0.125730994
27	0.087734488
28	0.128362573
30	0.111111111
31	0.09033189
32	0.116305916
33	0.10994152
34	0.128362573
35	0.100721501
37	0.116305916
39	0.088888889
40	0.105916306
41	0.104678363
42	0.123099415
43	0.120467836
44	0.102046784
46	0.103318903
47	0.121500722
48	0.115204678
49	0.078362573
51	0.106074074
53	0.099415205
54	0.099415205
55	0.130994152
56	0.094152047
57	0.120467836
58	0.094152047
59	0.112573099
60	0.13968254
61	0.107309942
62	0.115204678
63	0.125730994
64	0.092929293
65	0.098124098
66	0.141520468
67	0.142279942
68	0.108513709
69	0.196783626
70	0.10994152
71	0.088888889
72	0.141520468
73	0.120467836
74	0.102046784
75	0.116305916
76	0.116305916
77	0.118903319
78	0.11994302
80	0.100721501
81	0.102046784
82	0.102046784
83	0.111111111
84	0.07994228
85	0.170467836
86	0.157864358
87	0.165656566
88	0.10994152
89	0.15994152
90	0.15994152
91	0.160968661
92	0.107309942
93	0.135327635
94	0.115204678
95	0.092740741
96	0.092929293
97	0.087734488
98	0.099415205
99	0.099415205
100	0.09033189
101	0.118903319
102	0.099430199
103	0.107309942
104	0.099415205
105	0.112573099
106	0.113708514
107	0.115204678
108	0.154678363
109	0.107309942
110	0.115204678
111	0.099415205
112	0.115204678
113	0.154678363
114	0.111111111
115	0.126695527
116	0.075730994
117	0.083625731
118	0.107309942
119	0.107309942
120	0.13019943
121	0.083625731
122	0.080994152
123	0.130994152
124	0.103318903
125	0.116305916
126	0.107309942
127	0.095526696
128	0.103318903
129	0.106074074
130	0.096783626
132	0.104678363
133	0.100721501
134	0.096783626
136	0.13625731
137	0.13968254
139	0.108513709
140	0.118903319
141	0.154678363
142	0.186435786
143	0.133625731
144	0.108513709
145	0.116049383
146	0.165204678
147	0.113708514
148	0.082539683
149	0.096783626
151	0.107309942
152	0.112573099
154	0.100721501
156	0.093265993
157	0.113708514
158	0.099415205
160	0.089514867
161	0.125730994
163	0.126695527
164	0.157309942
165	0.101994302
166	0.101994302
168	0.133625731
169	0.125730994
170	0.094152047
171	0.107309942
172	0.112573099
173	0.124098124
174	0.133625731
175	0.111111111
176	0.146783626
177	0.120467836
178	0.088888889
179	0.107309942
180	0.104678363
181	0.09033189
182	0.128362573
183	0.107309942
184	0.099415205
185	0.107309942
186	0.125730994
187	0.133625731
188	0.102046784
189	0.098124098
190	0.080994152
191	0.117836257
192	0.104678363
193	0.092929293
195	0.176046176
197	0.118903319
198	0.091520468
200	0.112573099
201	0.102046784
202	0.102046784
203	0.108513709
205	0.178362573
206	0.10994152
208	0.128362573
209	0.111111111
211	0.091520468
212	0.103318903
214	0.094152047
215	0.098124098
216	0.162573099
218	0.099415205
219	0.124740741
221	0.098124098
222	0.149415205
223	0.13968254
224	0.131890332
225	0.085137085
226	0.125071225
227	0.10968661
228	0.146783626
229	0.165656566
231	0.088888889
232	0.112250712
233	0.104678363
234	0.100721501
235	0.183838384
235.1	0.168253968
236	0.084045584
237	0.091737892
238	0.088888889
240	0.130994152
241	0.128362573
242	0.096866097
243	0.118903319
244	0.100721501
245	0.088888889
246	0.095526696
247	0.080994152
248	0.115204678
249	0.096180556
250	0.117836257
251	0.106074074
252	0.146783626
253	0.10994152
254	0.108513709
255	0.096783626
256	0.101994302
256.1	0.107122507
258	0.100721501
259	0.116305916
262	0.096783626
263	0.107122507
264	0.094152047
265	0.124098124
266	0.078917379
267	0.08625731
268	0.094152047
269	0.121500722
270	0.130994152
271	0.104678363
272	0.120467836
273	0.07994228
274	0.096783626
275	0.088888889
276	0.092929293
276.1	0.085137085
277	0.130994152
278	0.095526696
279	0.128362573
280	0.078362573
281	0.117836257
282	0.115204678
283	0.094152047
284	0.096783626
285	0.127635328
286	0.10994152
287	0.117836257
288	0.129292929
289	0.102046784
290	0.128362573
291	0.080994152
292	0.094152047
293	0.129129129
294	0.103318903
295	0.125730994
296	0.105916306
297	0.087734488
298	0.117836257
299	0.096783626
300	0.115204678
301	0.103318903
302	0.127635328
303	0.120467836
304	0.100721501
305	0.124098124
306	0.116305916
307	0.105916306
308	0.091520468
309	0.102046784
310	0.115204678
311	0.083625731
312	0.085137085
313	0.087734488
314	0.083625731
316	0.096783626
318	0.094301994
320	0.107309942
321	0.125730994
323	0.083625731
325	0.07994228
326	0.112573099
327	0.111111111
328	0.096783626
329	0.108513709
330	0.088888889
331	0.096783626
332	0.117378917
333	0.091520468
334	0.123099415
335	0.096783626
336	0.103407407
337	0.170467836
338	0.111111111
339	0.087734488
340	0.124098124
341	0.100721501
342	0.095526696
343	0.099415205
344	0.107309942
345	0.113708514
346	0.094152047
347	0.103318903
348	0.120467836
349	0.127635328
350	0.091520468
351	0.088888889
352	0.103407407
353	0.096783626
354	0.074747475
355	0.104678363
356	0.095526696
357	0.087734488
358	0.100721501
359	0.07994228
360	0.126695527
361	0.128362573
362	0.088888889
363	0.088888889
364	0.098124098
365	0.10994152
367	0.108513709
368	0.088888889
369	0.124098124
370	0.154678363
371	0.082539683
373	0.104678363
374	0.104678363
375	0.073099415
376	0.155266955
377	0.108513709
378	0.103318903
380	0.118903319
381	0.111111111
383	0.102046784
384	0.14374121
385	0.130994152
386	0.103318903
387	0.116305916
389	0.088888889
390	0.09033189
391	0.120467836
392	0.120467836
393	0.091520468
394	0.104678363
395	0.100721501
396	0.105916306
397	0.120467836
398	0.132763533
399	0.126695527
400	0.086609687
401	0.099415205
402	0.087734488
403	0.168253968
404	0.149415205
405	0.114814815
406	0.13625731
407	0.082539683
408	0.117836257
409	0.144152047
410	0.096866097
411	0.099415205
412	0.13625731
413	0.094301994
414	0.096783626
415	0.217378917
416	0.128362573
417	0.10994152
418	0.104678363
419	0.130994152
421	0.102046784
422	0.100721501
424	0.116305916
425	0.100721501
426	0.180994152
427	0.116305916
428	0.098124098
429	0.099415205
430	0.104678363
432	0.102046784
433	0.095526696
434	0.087734488
435	0.128362573
436	0.121500722
437	0.116305916
438	0.181240981
439	0.133625731
440	0.165204678
441	0.137891738
442	0.123099415
444	0.105916306
445	0.144152047
446	0.095526696
447	0.09033189
448	0.085137085
449	0.107309942
450	0.096783626
451	0.188888889
452	0.107309942
453	0.094152047
454	0.15994152
455	0.146783626
456	0.10994152
457	0.152046784
458	0.13968254
459	0.122507123
461	0.157864358
462	0.102046784
463	0.116305916
464	0.087734488
465	0.102046784
467	0.147474747
468	0.16046176
469	0.091520468
470	0.111111111
471	0.130994152
472	0.094152047
473	0.094152047
474	0.104558405
476	0.105916306
477	0.098124098
479	0.113708514
480	0.086609687
482	0.081481481
483	0.088888889
484	0.125730994
486	0.116305916
487	0.095526696
488	0.125730994
489	0.107309942
490	0.103318903
491	0.137085137
492	0.126695527
493	0.163059163
494	0.105916306
495	0.134487734
496	0.085137085
497	0.112573099
498	0.088888889
499	0.122507123
500	0.112573099
501	0.099415205
502	0.103318903
503	0.13019943
504	0.129292929
505	0.108513709
506	0.095526696
507	0.152046784
508	0.105916306
510	0.175730994
511	0.107309942
512	0.095526696
513	0.129292929
514	0.092929293
515	0.099415205
516	0.168253968
517	0.101994302
518	0.117836257
519	0.142279942
520	0.130994152
521	0.099415205
522	0.127635328
523	0.09033189
524	0.120467836
525	0.126695527
526	0.102046784
527	0.105766526
528	0.111111111
530	0.125730994
531	0.13019943
532	0.125730994
533	0.125730994
535	0.155266955
536	0.116305916
537	0.096783626
538	0.077344877
539	0.096866097
540	0.103318903
541	0.098124098
542	0.130994152
544	0.131890332
545	0.091520468
547	0.13625731
548	0.106074074
549	0.235786436
550	0.10968661
551	0.096783626
552	0.117836257
553	0.123099415
554	0.104678363
555	0.13625731
556	0.141520468
557	0.123099415
558	0.129292929
559	0.111111111
560	0.138888889
561	0.099415205
562	0.096783626
563	0.126695527
564	0.13625731
565	0.111111111
566	0.183625731
567	0.116740741
568	0.117836257
569	0.077344877
570	0.107309942
571	0.103318903
572	0.094152047
573	0.108513709
574	0.118903319
575	0.099415205
576	0.115204678
577	0.08625731
578	0.130994152
579	0.130994152
580	0.117836257
581	0.142279942
582	0.085137085
583	0.094152047
584	0.13968254
585	0.093108298
586	0.105916306
587	0.130994152
588	0.104678363
589	0.104678363
590	0.10994152
591	0.117836257
592	0.121500722
593	0.125730994
594	0.096783626
595	0.108513709
596	0.102046784
597	0.112573099
598	0.104678363
599	0.075730994
600	0.07994228
601	0.092929293
602	0.102046784
603	0.165204678
604	0.116305916
605	0.149415205
606	0.098124098
607	0.100721501
608	0.085137085
609	0.111111111
610	0.142279942
611	0.101994302
612	0.126695527
613	0.104678363
614	0.118903319
615	0.13968254
616	0.115204678
617	0.117836257
618	0.104678363
620	0.152669553
621	0.176046176
622	0.178362573
623	0.124098124
624	0.096866097
625	0.130994152
626	0.102046784
627	0.089173789
628	0.092929293
629	0.15994152
630	0.091520468
631	0.146783626
632	0.114814815
633	0.146783626
634	0.170467836
635	0.163059163
636	0.188888889
637	0.088888889
638	0.13625731
639	0.102046784
640	0.138888889
641	0.127635328
642	0.107309942
643	0.082539683
644	0.118903319
645	0.130994152
646	0.10994152
647	0.09033189
648	0.10994152
649	0.111111111
650	0.10994152
651	0.120467836
652	0.137085137
653	0.117836257
654	0.098124098
655	0.116507937
656	0.095526696
657	0.098124098
658	0.115204678
659	0.108298172
660	0.107122507
661	0.116305916
662	0.08625731
663	0.104678363
664	0.112573099
665	0.105916306
666	0.118903319
667	0.127635328
668	0.124098124
669	0.101994302
670	0.123099415
671	0.087734488
672	0.115204678
673	0.105916306
674	0.098171589
675	0.085137085
676	0.112573099
677	0.120467836
678	0.09033189
679	0.091737892
680	0.146783626
681	0.10994152
682	0.087734488
683	0.088888889
684	0.082981716
685	0.125730994
686	0.152046784
687	0.10994152
688	0.10994152
689	0.096783626
690	0.104678363
691	0.082539683
692	0.124098124
693	0.104678363
694	0.133625731
695	0.100721501
696	0.099415205
697	0.133625731
698	0.117836257
699	0.100721501
700	0.149415205
701	0.111111111
702	0.124098124
703	0.10994152
704	0.170467836
705	0.091520468
706	0.099415205
707	0.096783626
708	0.142279942
709	0.117836257
710	0.083625731
711	0.090576653
712	0.103318903
713	0.096783626
714	0.087734488
715	0.088888889
716	0.08625731
717	0.105916306
718	0.099415205
719	0.112573099
720	0.144877345
721	0.102046784
722	0.16046176
724	0.099415205
725	0.099430199
726	0.148804501
727	0.113708514
728	0.105916306
729	0.130994152
730	0.107309942
731	0.102046784
732	0.125730994
733	0.102046784
734	0.154678363
735	0.094152047
736	0.121500722
737	0.092929293
738	0.108513709
739	0.103318903
740	0.096783626
741	0.118903319
742	0.123099415
743	0.138888889
744	0.124098124
745	0.10994152
746	0.100721501
747	0.124098124
748	0.087734488
749	0.105916306
750	0.123099415
751	0.102046784
752	0.105916306
753	0.104678363
754	0.108513709
755	0.128362573
756	0.130994152
757	0.122507123
758	0.152046784
759	0.116305916
760	0.102046784
761	0.095526696
762	0.098124098
763	0.096783626
764	0.080994152
765	0.152046784
766	0.157309942
767	0.107309942
768	0.108513709
769	0.111111111
770	0.084045584
771	0.117836257
772	0.089173789
773	0.096783626
774	0.107309942
775	0.099415205
776	0.087734488
777	0.117836257
778	0.162573099
779	0.123099415
780	0.126695527
781	0.154678363
782	0.144152047
783	0.116305916
784	0.121500722
785	0.108298172
786	0.107309942
787	0.13625731
788	0.091737892
789	0.080994152
790	0.101994302
791	0.086609687
792	0.098124098
793	0.099415205
795	0.150712251
796	0.115204678
797	0.154678363
798	0.102046784
799	0.083625731
801	0.133625731
803	0.115204678
805	0.117836257
806	0.107309942
807	0.104678363
808	0.088888889
809	0.144877345
810	0.131890332
811	0.111111111
812	0.095526696
814	0.141520468
815	0.117836257
816	0.088888889
817	0.088888889
818	0.096783626
819	0.118903319
820	0.091520468
821	0.083625731
822	0.10994152
823	0.080994152
824	0.115204678
825	0.096783626
826	0.080994152
827	0.096783626
828	0.08625731
829	0.111111111
830	0.075730994
831	0.10994152
832	0.09033189
833	0.099415205
834	0.102046784
835	0.083625731
836	0.07994228
837	0.078362573
838	0.107309942
839	0.08625731
840	0.075730994
841	0.088888889
842	0.102046784
843	0.088888889
844	0.117836257
845	0.112573099
846	0.102046784
847	0.096783626
848	0.120467836
849	0.088888889
850	0.100721501
851	0.096783626
852	0.095526696
853	0.07994228
854	0.148148148
855	0.13625731
856	0.138888889
857	0.133625731
858	0.10994152
859	0.144152047
860	0.125730994
861	0.107309942
862	0.120467836
863	0.118903319
864	0.120467836
865	0.133625731
866	0.13625731
867	0.120467836
868	0.10994152
869	0.094152047
870	0.115204678
871	0.112573099
872	0.096783626
873	0.117836257
874	0.128362573
875	0.131890332
876	0.165204678
877	0.123099415
878	0.124098124
879	0.10994152
880	0.102046784
881	0.125730994
882	0.120467836
883	0.121500722
884	0.125730994
885	0.10994152
887	0.120467836
888	0.120467836
889	0.112250712
890	0.121500722
891	0.125730994
893	0.09033189
895	0.173099415
896	0.094152047
898	0.120467836
899	0.118903319
900	0.115204678
901	0.120467836
902	0.123099415
903	0.124098124
905	0.10994152
906	0.104678363
908	0.096783626
909	0.087734488
910	0.113708514
911	0.099415205
912	0.099415205
914	0.087734488
915	0.091520468
916	0.080994152
918	0.099415205
919	0.07994228
921	0.091520468
922	0.07994228
924	0.08625731
925	0.087734488
927	0.098124098
929	0.102046784
930	0.100721501
932	0.091520468
934	0.084045584
936	0.120467836
937	0.099415205
939	0.075730994
940	0.131890332
941	0.120467836
943	0.105916306
944	0.104678363
945	0.117836257
947	0.117378917
949	0.092929293
950	0.112250712
951	0.138888889
952	0.120467836
953	0.10994152
954	0.100721501
955	0.10994152
956	0.085137085
957	0.117836257
958	0.094152047
959	0.107309942
960	0.102046784
961	0.102046784
962	0.092929293
964	0.116305916
965	0.085137085
966	0.117836257
967	0.092929293
968	0.091520468
969	0.128362573
970	0.113271605
972	0.094301994
974	0.098124098
975	0.170851371
976	0.141520468
977	0.088888889
978	0.09033189
979	0.099430199
980	0.107309942
981	0.130994152
982	0.133625731
983	0.091520468
984	0.207309942
985	0.125730994
986	0.13625731
987	0.144877345
988	0.116305916
989	0.128362573
990	0.08625731
991	0.123099415
992	0.088888889
993	0.131890332
994	0.078362573
995	0.117836257
996	0.126695527
997	0.083625731
998	0.10994152
999	0.096866097
1000	0.087734488
1001	0.078362573
1002	0.085137085
1003	0.099415205
1004	0.133625731
1006	0.104678363
1007	0.112250712
1008	0.157309942
1009	0.08625731
1010	0.085137085
1011	0.082539683
1012	0.083625731
1013	0.170467836
1014	0.133625731
1015	0.163059163
1016	0.091520468
1017	0.115204678
1023	0.095526696
1024	0.154678363
1025	0.123099415
1026	0.095639944
1027	0.10994152
1028	0.096783626
1029	0.149415205
1030	0.112573099
1031	0.105916306
1032	0.133625731
1033	0.100721501
1034	0.091737892
1035	0.082539683
1036	0.188888889
1037	0.104678363
1038	0.113708514
1039	0.102046784
1040	0.099415205
1041	0.130994152
1042	0.115204678
1043	0.144877345
1044	0.10994152
1045	0.099415205
1046	0.125730994
1048	0.134487734
1049	0.099415205
1051	0.088888889
1052	0.096783626
1054	0.107309942
1055	0.096783626
1056	0.095526696
1057	0.094152047
1058	0.115204678
1060	0.08625731
1061	0.08625731
1063	0.094152047
1064	0.091520468
1066	0.094152047
1067	0.096783626
1068	0.126695527
1069	0.146783626
1070	0.092929293
1071	0.115204678
1072	0.121500722
1073	0.120467836
1074	0.118903319
1075	0.099415205
1076	0.08625731
1077	0.129292929
1078	0.137085137
1079	0.141520468
1080	0.144152047
1081	0.121500722
1082	0.117836257
1083	0.116305916
1084	0.146783626
1085	0.15007215
1086	0.112573099
1087	0.113708514
1088	0.104678363
1089	0.116305916
1090	0.099415205
1091	0.094152047
1092	0.091520468
1093	0.111407407
1094	0.090074074
1095	0.075730994
1096	0.10994152
1097	0.117378917
1098	0.128551336
1099	0.094152047
1100	0.138888889
1101	0.105916306
1102	0.104678363
1103	0.092929293
1104	0.129292929
1105	0.092929293
1106	0.096783626
1107	0.102046784
1108	0.099415205
1109	0.125730994
1110	0.123099415
1111	0.095526696
1112	0.096783626
1113	0.13019943
1114	0.183625731
1115	0.112573099
1116	0.125730994
1117	0.091520468
1118	0.088888889
1119	0.123099415
1120	0.107309942
1121	0.115204678
1122	0.08625731
1123	0.078362573
1124	0.099415205
1125	0.096783626
1126	0.10994152
1127	0.114814815
1128	0.121500722
1129	0.099415205
1130	0.115204678
1131	0.078362573
1132	0.104558405
1133	0.130994152
1134	0.112573099
1135	0.096783626
1136	0.117836257
1137	0.096783626
1138	0.07994228
1139	0.130994152
1140	0.088888889
1141	0.112573099
1142	0.104678363
1143	0.124098124
1144	0.138888889
1145	0.15007215
1146	0.112573099
1147	0.084045584
1148	0.088888889
1149	0.076353276
1150	0.115204678
1151	0.102046784
1152	0.087734488
1153	0.099415205
1154	0.10994152
1155	0.084045584
1156	0.096783626
1157	0.105916306
1158	0.080994152
1159	0.096783626
1160	0.091520468
1161	0.112573099
1162	0.107309942
1163	0.09033189
1164	0.113708514
1165	0.088888889
1166	0.091520468
1167	0.080994152
1168	0.091737892
1169	0.103318903
1170	0.125730994
1171	0.111111111
1172	0.094152047
1173	0.092929293
1174	0.125730994
1175	0.111111111
1176	0.124098124
1177	0.087734488
1178	0.088888889
1179	0.115204678
1180	0.099415205
1181	0.075730994
1182	0.120467836
1183	0.167836257
1184	0.125730994
1185	0.091520468
1186	0.112573099
1187	0.108513709
1188	0.131890332
1189	0.104678363
1190	0.10994152
1191	0.120956399
1192	0.138888889
1193	0.120467836
1194	0.075730994
1195	0.112573099
1196	0.128362573
1197	0.101994302
1198	0.08625731
1199	0.107309942
1200	0.134487734
1201	0.09033189
1202	0.098124098
1203	0.113708514
1204	0.087734488
1205	0.165204678
1206	0.141520468
1207	0.088888889
1208	0.096783626
1209	0.096783626
1210	0.115204678
1211	0.121500722
1212	0.124098124
1213	0.09033189
1214	0.107309942
1215	0.108513709
1216	0.088888889
1217	0.130994152
1218	0.086609687
1219	0.089173789
1220	0.133625731
1221	0.082539683
1222	0.113708514
1223	0.091520468
1224	0.088888889
1225	0.10994152
1226	0.083625731
1227	0.08625731
1228	0.096783626
1229	0.09033189
1230	0.117836257
1231	0.094152047
1232	0.108513709
1233	0.108513709
1234	0.120467836
1235	0.107309942
1236	0.087734488
1237	0.107309942
1238	0.116305916
1239	0.09033189
1240	0.108513709
1241	0.10994152
1242	0.10994152
1243	0.13625731
1244	0.121500722
1245	0.086609687
1246	0.084045584
1247	0.125730994
1248	0.10994152
1249	0.130994152
1250	0.149415205
1251	0.083625731
1252	0.08625731
1253	0.080994152
1254	0.092929293
1255	0.129292929
1256	0.118903319
1257	0.113708514
1258	0.089173789
1259	0.104678363
1260	0.100721501
1261	0.099415205
1262	0.144152047
1263	0.080994152
1264	0.099430199
1265	0.102046784
1266	0.10994152
1268	0.118903319
1269	0.096783626
1270	0.091520468
1271	0.16046176
1296	0.099415205
1297	0.117836257
1298	0.099415205
1299	0.102046784
1300	0.123099415
1301	0.10994152
1302	0.16046176
1303	0.07994228
1304	0.104678363
1305	0.081481481
1306	0.104678363
1307	0.089173789
1308	0.105916306
1309	0.148148148
1310	0.149415205
1311	0.108513709
1312	0.125730994
1313	0.088888889
1314	0.118903319
1315	0.104678363
1316	0.103318903
1317	0.128362573
1318	0.144877345
1319	0.10994152
1320	0.105916306
1321	0.117836257
1322	0.098124098
1323	0.104678363
1324	0.104558405
1325	0.107309942
1326	0.154678363
1327	0.128362573
1328	0.091520468
1329	0.112573099
1330	0.10994152
1331	0.083625731
1332	0.112573099
1333	0.080994152
1334	0.102046784
1335	0.095526696
1336	0.096783626
1337	0.149415205
1338	0.094152047
1339	0.128362573
1340	0.09033189
1341	0.149415205
1342	0.102046784
1343	0.107309942
1344	0.099415205
1345	0.087734488
1346	0.133625731
1347	0.10994152
1348	0.103318903
1349	0.116305916
1350	0.111111111
1351	0.104678363
1352	0.104678363
1353	0.08625731
1354	0.094152047
1355	0.128362573
1356	0.094152047
1357	0.087734488
1358	0.115204678
1359	0.094152047
1360	0.128362573
1361	0.083625731
1362	0.113708514
1363	0.08625731
1364	0.152669553
1365	0.091520468
1366	0.075730994
1367	0.128362573
1368	0.13968254
1369	0.138888889
1370	0.080994152
1371	0.112573099
1372	0.112573099
1373	0.134487734
1374	0.170467836
1375	0.13968254
1376	0.084740741
1377	0.096866097
1378	0.083625731
1379	0.108513709
1380	0.082539683
1381	0.123099415
1382	0.098124098
1383	0.098124098
1384	0.09033189
1385	0.112250712
1386	0.088888889
1387	0.128362573
1388	0.104678363
1389	0.121500722
1390	0.09033189
1391	0.13625731
1392	0.104678363
1393	0.103318903
1394	0.108513709
1395	0.075730994
1396	0.102046784
1397	0.108513709
1398	0.080994152
1399	0.083625731
1400	0.104678363
1401	0.07994228
1402	0.099415205
1404	0.112573099
1405	0.129292929
1406	0.098124098
1407	0.098124098
1408	0.098124098
1409	0.13625731
1410	0.094152047
1411	0.131890332
1412	0.149415205
1413	0.102046784
1414	0.141520468
1415	0.117836257
1416	0.099415205
1417	0.087734488
1418	0.092929293
1419	0.096783626
1420	0.104678363
1421	0.120467836
1422	0.107309942
1423	0.080994152
1424	0.104678363
1425	0.104678363
1426	0.087734488
1427	0.088888889
1430	0.138888889
1431	0.096783626
1432	0.112573099
1433	0.091520468
1434	0.088888889
1435	0.088888889
1436	0.098124098
1437	0.088888889
1438	0.077344877
1439	0.07994228
1440	0.126695527
1441	0.088888889
1442	0.104678363
1443	0.09033189
1444	0.077344877
1445	0.091520468
1446	0.104678363
1447	0.117836257
1448	0.094152047
1449	0.102046784
1450	0.092929293
1451	0.09033189
1452	0.125730994
1454	0.121500722
1455	0.138888889
1456	0.096783626
1457	0.112573099
1458	0.112573099
1459	0.095526696
1460	0.141520468
1461	0.102046784
1462	0.115204678
1463	0.102046784
1464	0.096783626
1465	0.123099415
1466	0.107309942
1467	0.117836257
1468	0.099415205
1469	0.103318903
1470	0.088888889
1471	0.091520468
1472	0.096783626
1473	0.07994228
1474	0.080994152
1475	0.080994152
1476	0.085137085
1477	0.088888889
1478	0.091520468
1479	0.080994152
1480	0.095526696
1481	0.082539683
1482	0.091520468
1483	0.088888889
1484	0.115204678
1485	0.112573099
1486	0.094152047
1487	0.10994152
1488	0.083625731
1489	0.08625731
1490	0.115204678
1491	0.080994152
1492	0.11994302
1493	0.073099415
1494	0.075730994
1495	0.112573099
1496	0.096783626
1497	0.107309942
1498	0.120467836
1499	0.128362573
1500	0.120467836
1501	0.126695527
1502	0.146074074
1503	0.100721501
1504	0.091520468
1505	0.134487734
1506	0.083625731
1508	0.098124098
1509	0.102046784
1510	0.084045584
1511	0.096783626
1512	0.094152047
1513	0.073789174
1514	0.085137085
1515	0.10994152
1516	0.125730994
1517	0.119407407
1518	0.130994152
1519	0.117836257
1521	0.10994152
1522	0.120467836
1523	0.15994152
1524	0.102046784
1525	0.117378917
1526	0.117836257
1527	0.094152047
1528	0.130994152
1529	0.111111111
1530	0.080994152
1531	0.10994152
1532	0.15994152
1533	0.129292929
1534	0.099415205
1535	0.104678363
1536	0.100721501
1537	0.104678363
1539	0.104678363
1540	0.087734488
1541	0.091520468
1542	0.095526696
1543	0.081481481
1544	0.10994152
1545	0.104678363
1546	0.137085137
1548	0.116305916
1550	0.088888889
1551	0.13625731
1552	0.099415205
1553	0.07994228
1554	0.096783626
1555	0.124098124
1556	0.103318903
1557	0.083625731
1558	0.075730994
1559	0.096783626
1560	0.108980213
1561	0.091520468
1562	0.103318903
1563	0.138888889
1564	0.098124098
1565	0.094152047
1566	0.123099415
1567	0.134487734
1568	0.083625731
1569	0.117836257
1570	0.115204678
1571	0.104678363
1572	0.125730994
1573	0.095526696
1574	0.131890332
1575	0.095526696
1576	0.103318903
1577	0.125730994
1578	0.080994152
1579	0.087734488
1580	0.107309942
1581	0.10994152
1582	0.100721501
1583	0.123099415
1584	0.113708514
1585	0.102046784
1586	0.113708514
1587	0.117836257
1588	0.096783626
1589	0.146783626
1590	0.099415205
1591	0.108513709
1592	0.107122507
1593	0.078362573
1594	0.108513709
1595	0.092929293
1596	0.118903319
1597	0.074747475
1598	0.112573099
1599	0.085137085
1600	0.083625731
1601	0.13968254
1602	0.096783626
1603	0.088888889
1604	0.096783626
1605	0.091520468
1606	0.125730994
1607	0.102046784
1608	0.108513709
1609	0.104678363
1611	0.08625731
1612	0.129292929
1613	0.133625731
1614	0.096783626
1615	0.100721501
1616	0.107309942
1617	0.102046784
1618	0.112573099
1619	0.142279942
1620	0.13968254
1621	0.100721501
1622	0.088888889
1623	0.104678363
1624	0.099415205
1625	0.095526696
1626	0.096783626
1627	0.099415205
1628	0.091520468
1630	0.102046784
1631	0.144152047
1632	0.100721501
1633	0.115204678
1634	0.130994152
1635	0.081481481
1636	0.105916306
1637	0.138888889
1638	0.111111111
1639	0.075730994
1640	0.083625731
1641	0.112573099
1642	0.096783626
1643	0.123099415
1644	0.102046784
1645	0.083625731
1646	0.120467836
1647	0.107309942
1648	0.088888889
1649	0.080994152
1650	0.107309942
1651	0.080994152
1652	0.094152047
1653	0.085137085
1654	0.107309942
1655	0.083625731
1656	0.087734488
1657	0.130994152
1658	0.152669553
1659	0.101994302
1660	0.107309942
1661	0.123099415
1662	0.121500722
1663	0.13625731
1664	0.096783626
1665	0.138888889
1666	0.104678363
1667	0.117836257
1668	0.124098124
1669	0.103318903
1670	0.10994152
1671	0.08625731
1672	0.111111111
1673	0.094152047
1674	0.10994152
1675	0.115204678
1676	0.096783626
1677	0.117836257
1678	0.091737892
1679	0.087734488
1680	0.138888889
1681	0.112573099
1682	0.083625731
1683	0.102046784
1684	0.124098124
1685	0.094152047
1686	0.094152047
1687	0.107309942
1688	0.141520468
1689	0.124098124
1690	0.103318903
1691	0.141520468
1692	0.111111111
1693	0.15994152
1694	0.096783626
1695	0.105916306
1696	0.116305916
1697	0.113708514
1698	0.102046784
1699	0.115204678
1700	0.100721501
1701	0.088888889
1702	0.124098124
1703	0.128362573
1704	0.094152047
1705	0.107309942
1706	0.120467836
1707	0.102046784
1708	0.107309942
1709	0.094152047
1710	0.10994152
1711	0.082539683
1712	0.138888889
1713	0.09033189
1714	0.094152047
1715	0.102046784
1716	0.10994152
1717	0.104678363
1718	0.088888889
1719	0.115204678
1720	0.10994152
1721	0.111111111
1722	0.095526696
1723	0.078362573
1724	0.141520468
1725	0.082539683
1726	0.099415205
1727	0.167836257
1728	0.102046784
1729	0.092929293
1730	0.117836257
1731	0.103318903
1732	0.094152047
1733	0.125730994
1734	0.091520468
1735	0.113708514
1736	0.082539683
1737	0.102046784
1739	0.105916306
1741	0.123099415
1743	0.13968254
1745	0.115204678
1746	0.112573099
1748	0.080994152
1750	0.129292929
1752	0.113708514
1754	0.091520468
1756	0.107309942
1758	0.112573099
1760	0.127407407
1762	0.091520468
1763	0.154678363
1765	0.112573099
1766	0.132763533
1767	0.104678363
1768	0.074747475
1769	0.112573099
1770	0.119407407
1771	0.116305916
1772	0.088888889
1773	0.075730994
1774	0.105916306
1775	0.107309942
1776	0.112573099
1777	0.117378917
1778	0.113708514
1779	0.178362573
1781	0.099415205
1782	0.083625731
1783	0.111111111
1784	0.123099415
1786	0.091520468
1788	0.111111111
1789	0.113708514
1791	0.107309942
1793	0.096783626
1794	0.08625731
1795	0.104678363
1796	0.102046784
1797	0.113708514
1798	0.115204678
1799	0.107309942
1802	0.091520468
1803	0.102046784
1805	0.096783626
1806	0.129292929
1808	0.095526696
1810	0.115204678
1811	0.087734488
1812	0.096783626
1813	0.092929293
1814	0.104678363
1815	0.102046784
1816	0.102046784
1817	0.091049383
1818	0.096783626
1819	0.088888889
1820	0.121500722
1821	0.096783626
1822	0.102046784
1823	0.10994152
1824	0.083625731
1825	0.107309942
1826	0.088888889
1827	0.085137085
1828	0.096783626
1829	0.128362573
1830	0.082539683
1831	0.083625731
1832	0.102046784
1833	0.121500722
1834	0.080994152
1835	0.112573099
1836	0.073099415
1837	0.08625731
1838	0.077918425
1839	0.13625731
1840	0.104678363
1841	0.104678363
1842	0.129292929
1843	0.078362573
1844	0.088888889
1845	0.075730994
1846	0.08625731
1847	0.099415205
1848	0.078362573
1849	0.080994152
1850	0.08625731
1851	0.115204678
1852	0.085137085
1853	0.08625731
1854	0.096783626
1855	0.091520468
1856	0.13625731
1857	0.088888889
1858	0.120467836
1859	0.112573099
1860	0.094152047
1861	0.107309942
1862	0.083625731
1863	0.09033189
1864	0.091520468
1865	0.102046784
1866	0.149415205
1867	0.104678363
1868	0.089173789
1869	0.094152047
1870	0.117836257
1871	0.133625731
1872	0.096783626
1873	0.099415205
1874	0.112573099
1875	0.099415205
1876	0.125730994
1877	0.157309942
1878	0.113708514
1879	0.083625731
1880	0.075730994
1881	0.102046784
1882	0.09033189
1883	0.098124098
1884	0.115204678
1885	0.117836257
1886	0.105916306
1889	0.102046784
1890	0.115204678
1891	0.096783626
1892	0.115204678
1893	0.107309942
1894	0.100721501
1895	0.121500722
1896	0.088888889
1897	0.121500722
1898	0.094152047
1899	0.088888889
1900	0.157309942
1901	0.118903319
1902	0.104678363
1903	0.099415205
1904	0.105916306
1905	0.091520468
1906	0.078362573
1907	0.108513709
1908	0.111111111
1909	0.104678363
1910	0.102046784
1911	0.10994152
1912	0.124098124
1913	0.144152047
1914	0.13625731
1915	0.083625731
1916	0.104678363
1917	0.091520468
1918	0.141520468
1919	0.102046784
1920	0.117836257
1921	0.112573099
1922	0.133625731
1923	0.130994152
1924	0.10994152
1925	0.128362573
1926	0.102046784
1927	0.092929293
1928	0.094152047
1929	0.083625731
1930	0.104678363
1931	0.142279942
1932	0.080994152
1933	0.094152047
1934	0.113708514
1935	0.125730994
1936	0.129292929
1938	0.115204678
1939	0.125730994
1940	0.08625731
1941	0.098124098
1942	0.083625731
1943	0.165204678
1944	0.123099415
1945	0.094152047
1946	0.088888889
1947	0.104678363
1948	0.091520468
1949	0.107309942
1950	0.080994152
1951	0.083625731
1952	0.090074074
1953	0.095526696
1954	0.092929293
1955	0.078362573
1956	0.105916306
1957	0.099430199
1958	0.112573099
1959	0.102046784
1960	0.107309942
1961	0.130994152
1962	0.102046784
1963	0.117836257
1964	0.111111111
1965	0.091520468
1966	0.113708514
1967	0.142279942
1968	0.075730994
1969	0.115204678
1970	0.115204678
1971	0.100721501
1972	0.112573099
1973	0.102046784
1974	0.08625731
1975	0.118903319
1976	0.10994152
1977	0.112573099
1978	0.078362573
1979	0.091520468
1980	0.112573099
1981	0.099415205
1982	0.078362573
1983	0.102046784
1984	0.091520468
1985	0.099430199
1986	0.128362573
1987	0.085137085
1988	0.13625731
1989	0.094152047
1990	0.104678363
1991	0.112573099
1992	0.107309942
1993	0.09033189
1994	0.104678363
1995	0.113708514
1996	0.096783626
1997	0.117836257
1998	0.102046784
1999	0.123099415
2000	0.112573099
2001	0.10994152
2002	0.087734488
2003	0.128362573
2004	0.173448773
2005	0.13968254
2006	0.123099415
2007	0.116305916
2008	0.117836257
2009	0.138888889
2010	0.138888889
2011	0.116305916
2012	0.120467836
2013	0.08625731
2014	0.115204678
2015	0.07994228
2016	0.124098124
2017	0.123099415
2018	0.094152047
2019	0.115204678
2020	0.122507123
2021	0.155266955
2022	0.091520468
2023	0.126695527
2024	0.082539683
2025	0.144877345
2026	0.165204678
2027	0.133625731
2028	0.13968254
2029	0.091737892
2030	0.095526696
2031	0.116740741
2032	0.112573099
2033	0.092592593
2034	0.096783626
2035	0.131890332
2036	0.132763533
2037	0.128362573
2038	0.144152047
2039	0.166096866
2040	0.091520468
2041	0.102046784
2042	0.104678363
2043	0.078362573
2044	0.07994228
2045	0.099415205
2046	0.099415205
2047	0.07994228
2048	0.138888889
2049	0.131890332
2050	0.128362573
2051	0.117836257
2052	0.104678363
2053	0.117836257
2054	0.115204678
2055	0.112573099
2056	0.134487734
2057	0.123099415
2058	0.085137085
2059	0.099415205
2060	0.108513709
2061	0.120467836
2062	0.144877345
2063	0.13625731
2064	0.125730994
2065	0.113708514
2066	0.151407407
2067	0.116305916
2068	0.091520468
2069	0.146783626
2070	0.124098124
2071	0.123099415
2072	0.085137085
2073	0.138888889
2074	0.112573099
2075	0.116305916
2076	0.099415205
2077	0.108513709
2078	0.10994152
2079	0.13625731
2080	0.120467836
2081	0.08625731
2082	0.125730994
2083	0.104678363
2084	0.117836257
2085	0.115204678
2086	0.09033189
2087	0.094152047
2088	0.101994302
2090	0.104678363
2091	0.09033189
2093	0.112573099
2094	0.09033189
2095	0.123099415
2096	0.096783626
2097	0.100721501
2098	0.10994152
2099	0.104678363
2100	0.092929293
2101	0.095526696
2102	0.08625731
2103	0.099415205
2104	0.098124098
2105	0.094152047
2106	0.094152047
2107	0.08625731
2108	0.108513709
2109	0.092929293
2110	0.095526696
2111	0.116305916
2112	0.124098124
2113	0.088271605
2114	0.088888889
2115	0.123099415
2116	0.083625731
2117	0.087734488
2118	0.09033189
2119	0.099415205
2120	0.111111111
2121	0.104678363
2122	0.07994228
2123	0.113708514
2124	0.146783626
2125	0.096783626
2126	0.107309942
2127	0.088888889
2128	0.130994152
2129	0.112573099
2130	0.105916306
2131	0.10994152
2132	0.133625731
2133	0.10994152
2134	0.096783626
2135	0.122074074
2136	0.128362573
2137	0.10994152
2138	0.130994152
2139	0.117836257
2140	0.102046784
2141	0.078362573
2142	0.083625731
2143	0.107309942
2144	0.083625731
2145	0.100721501
2146	0.125730994
2147	0.108513709
2148	0.115204678
2149	0.10994152
2150	0.104678363
2151	0.101994302
2152	0.08625731
2153	0.088888889
2154	0.104678363
2155	0.128362573
2156	0.088888889
2157	0.088888889
2158	0.096783626
2159	0.087734488
2160	0.094152047
2161	0.091520468
2162	0.092929293
2163	0.173099415
2164	0.091520468
2165	0.08625731
2166	0.105916306
2167	0.130994152
2168	0.107309942
2169	0.105916306
2170	0.087734488
2171	0.099415205
2172	0.112573099
2173	0.087734488
2174	0.085137085
2175	0.080994152
2176	0.121500722
2177	0.078362573
2178	0.123099415
2179	0.078362573
2180	0.112573099
2181	0.08625731
2182	0.080994152
2183	0.149415205
2184	0.091520468
2185	0.102046784
2186	0.083625731
2187	0.141520468
2188	0.08625731
2189	0.091520468
2190	0.083625731
2191	0.103318903
2192	0.099415205
2193	0.078362573
2194	0.078362573
2195	0.083625731
2196	0.085137085
2197	0.08625731
2198	0.108513709
2199	0.083625731
2200	0.133625731
2201	0.118903319
2202	0.08625731
2203	0.099415205
2204	0.077344877
2205	0.099415205
2206	0.096783626
2207	0.078362573
2208	0.078362573
2209	0.08625731
2210	0.096783626
2211	0.115204678
2212	0.078362573
2213	0.075730994
2214	0.08625731
2215	0.115204678
2216	0.094152047
2217	0.131890332
2218	0.102046784
2219	0.091520468
2220	0.096783626
2221	0.087734488
2222	0.087734488
2223	0.113708514
2224	0.102046784
2225	0.094152047
2226	0.102046784
2227	0.102046784
2228	0.112573099
2229	0.099430199
2230	0.134487734
2231	0.08625731
2232	0.087734488
2233	0.107309942
2234	0.133625731
2235	0.13625731
2236	0.103318903
2237	0.078362573
2238	0.107309942
2239	0.088888889
2240	0.152046784
2241	0.115204678
2242	0.088888889
2243	0.088888889
2244	0.129292929
2245	0.165204678
2246	0.092929293
2247	0.107309942
2248	0.165204678
2249	0.134487734
2250	0.13625731
2251	0.083625731
2252	0.10994152
2253	0.115204678
2254	0.103318903
2255	0.095526696
2256	0.100721501
2257	0.104678363
2258	0.113708514
2259	0.102046784
2260	0.103318903
2261	0.123099415
2262	0.087734488
2263	0.094301994
2264	0.16046176
2265	0.08625731
2266	0.081481481
2267	0.107309942
2268	0.102046784
2269	0.095407407
2270	0.098124098
2271	0.138888889
2272	0.087734488
2273	0.13625731
2274	0.096783626
2275	0.09033189
2276	0.088888889
2277	0.115204678
2278	0.126019691
2279	0.083625731
2280	0.09033189
2281	0.100721501
2282	0.137085137
2283	0.088888889
2284	0.121500722
2285	0.082539683
2286	0.098124098
2287	0.094152047
2288	0.077344877
2289	0.120467836
2290	0.103318903
2291	0.099415205
2292	0.099415205
2293	0.105916306
2294	0.116305916
2295	0.125730994
2296	0.096783626
2297	0.131890332
2298	0.115204678
2299	0.180994152
2300	0.144877345
2301	0.100721501
2302	0.104678363
2303	0.116305916
2304	0.130994152
2305	0.15007215
2306	0.138888889
2307	0.087734488
2308	0.123099415
2309	0.098124098
2312	0.15994152
2313	0.10994152
2314	0.128362573
2315	0.091520468
2316	0.117836257
2317	0.102046784
2318	0.083625731
2319	0.091520468
2320	0.131890332
2321	0.116305916
2322	0.115204678
2323	0.088888889
2324	0.080994152
2325	0.102046784
2326	0.091520468
2327	0.103318903
2328	0.092929293
2329	0.095526696
2330	0.115204678
2331	0.094152047
2332	0.117836257
2333	0.088888889
2334	0.107309942
2335	0.098124098
2336	0.112573099
2337	0.101994302
2338	0.10994152
2339	0.098124098
2340	0.095526696
2341	0.085137085
2342	0.098124098
2343	0.085137085
2344	0.096783626
2345	0.120467836
2346	0.107309942
2347	0.116305916
2348	0.100740741
2349	0.120467836
2350	0.104678363
2368	0.102046784
2369	0.15994152
2370	0.094152047
2371	0.105916306
2372	0.183625731
2373	0.128362573
2374	0.112573099
2375	0.096783626
2376	0.085137085
2377	0.125730994
2378	0.132740741
2379	0.130994152
2380	0.154074074
2381	0.157309942
2382	0.115204678
2383	0.088888889
2384	0.117836257
2385	0.137085137
2386	0.085137085
2387	0.102046784
2388	0.115204678
2389	0.194152047
2390	0.157309942
2391	0.112573099
2392	0.103318903
2393	0.114814815
2394	0.096783626
2395	0.102046784
2396	0.121500722
2397	0.128362573
2398	0.117836257
2399	0.09033189
2400	0.085137085
2401	0.115204678
2402	0.137085137
2403	0.154678363
2404	0.091737892
2405	0.124098124
2406	0.125071225
2407	0.107309942
2408	0.13625731
2409	0.138888889
2410	0.157864358
2411	0.112573099
2412	0.095526696
2413	0.131890332
2414	0.087734488
2415	0.098124098
2416	0.194152047
2417	0.08625731
2418	0.131890332
2419	0.10994152
2420	0.099415205
2421	0.152046784
2422	0.094152047
2423	0.168253968
2424	0.138888889
2425	0.093108298
2426	0.112573099
2427	0.102046784
2428	0.094152047
2429	0.090074074
2430	0.105916306
2431	0.099430199
2432	0.098124098
2433	0.100721501
2434	0.088888889
2435	0.099430199
2436	0.104558405
2437	0.125730994
2438	0.111111111
2439	0.124098124
2440	0.11994302
2441	0.112573099
2442	0.117378917
2443	0.098124098
2444	0.099415205
2445	0.111111111
2446	0.133625731
2447	0.154678363
2448	0.126695527
2449	0.102046784
2450	0.128362573
2451	0.157309942
2452	0.124098124
2453	0.129292929
2454	0.126695527
2455	0.107309942
2456	0.116305916
2457	0.107309942
2458	0.120467836
2459	0.100721501
2460	0.117378917
2461	0.137085137
2462	0.108513709
2463	0.133625731
2464	0.141520468
2465	0.096783626
2466	0.103318903
2467	0.111111111
2468	0.111111111
2469	0.08625731
2470	0.119407407
2471	0.103318903
2472	0.08625731
2473	0.120467836
2474	0.102046784
2475	0.094301994
2476	0.108513709
2477	0.094301994
2478	0.092929293
2479	0.088888889
2480	0.096783626
2481	0.115204678
2482	0.102046784
2483	0.180994152
2484	0.137085137
2485	0.118903319
2486	0.098124098
2486.1	0.087734488
2487	0.141520468
2488	0.082539683
2489	0.102046784
2490	0.120467836
2491	0.130994152
2492	0.094152047
2493	0.099430199
2494	0.078917379
2495	0.123099415
2496	0.094152047
2497	0.104678363
2498	0.083625731
2499	0.10994152
2500	0.118903319
2501	0.096783626
2502	0.130994152
2503	0.144152047
2504	0.107309942
2505	0.137085137
2506	0.118903319
2507	0.104678363
2508	0.120467836
2509	0.111111111
2510	0.152046784
2511	0.096783626
2512	0.133625731
2513	0.146783626
2514	0.130994152
2515	0.157864358
2516	0.180994152
2517	0.08625731
2518	0.141520468
2519	0.099415205
2520	0.146783626
2521	0.128362573
2522	0.075730994
2523	0.087734488
2524	0.09033189
2525	0.08625731
2526	0.149415205
2527	0.095526696
2528	0.100721501
2529	0.152046784
2530	0.120467836
2531	0.107309942
2532	0.144152047
2533	0.098124098
2534	0.126695527
2535	0.098124098
2536	0.121500722
2537	0.125730994
2538	0.138888889
2539	0.15994152
2540	0.13968254
2541	0.121500722
2542	0.163059163
2543	0.152046784
2544	0.099415205
2545	0.146783626
2546	0.094152047
2547	0.147474747
2548	0.149415205
2549	0.157309942
2550	0.105916306
2551	0.096783626
2552	0.10994152
2553	0.088045007
2554	0.13625731
2555	0.151407407
2556	0.115204678
2557	0.103318903
2558	0.125730994
2559	0.138888889
2560	0.104678363
2561	0.080994152
2562	0.10968661
2563	0.141520468
2564	0.146783626
2565	0.104678363
2566	0.082539683
2567	0.07994228
2568	0.128362573
2569	0.123099415
2570	0.091520468
2571	0.131890332
2572	0.117836257
2573	0.118903319
2574	0.103318903
2575	0.129292929
2576	0.098124098
2577	0.115204678
2578	0.167836257
2579	0.13625731
2580	0.096783626
2581	0.084045584
2582	0.094152047
2583	0.091520468
2584	0.113708514
2585	0.126695527
2586	0.111111111
2587	0.108513709
2588	0.128362573
2589	0.126695527
2590	0.094152047
2591	0.087734488
2592	0.134487734
2593	0.144877345
2594	0.148148148
2595	0.078362573
2596	0.107309942
2597	0.112573099
2598	0.118903319
2599	0.115204678
2600	0.144152047
2601	0.111111111
2602	0.128362573
2603	0.121500722
2604	0.078362573
2605	0.102046784
2606	0.104558405
2607	0.149415205
2608	0.154678363
2609	0.138888889
2610	0.125730994
2611	0.173099415
2612	0.141520468
2613	0.183625731
2614	0.096783626
2614.1	0.083625731
2614.2	0.08625731
2615	0.168253968
2616	0.13968254
2617	0.15994152
2618	0.115204678
2619	0.099415205
2620	0.08625731
2621	0.074747475
2622	0.094301994
2623	0.08625731
2624	0.088888889
2625	0.100721501
2626	0.107309942
2627	0.117836257
2628	0.111111111
2628.1	0.105916306
2629	0.13625731
2630	0.154678363
2631	0.170851371
2632	0.096783626
2633	0.102046784
2634	0.083625731
2635	0.092929293
2636	0.092929293
2637	0.120467836
2638	0.094152047
2639	0.130994152
2640	0.112573099
2641	0.108513709
2642	0.102046784
2643	0.170467836
2644	0.102046784
2645	0.08625731
2646	0.108513709
2647	0.125730994
2648	0.088888889
2649	0.099415205
2650	0.104558405
2651	0.105916306
2652	0.104678363
2653	0.124098124
2654	0.116305916
2655	0.126695527
2656	0.131890332
2657	0.095526696
2658	0.138888889
2659	0.147474747
2660	0.157309942
2661	0.133625731
2662	0.141520468
2663	0.133625731
2664	0.092929293
2665	0.111111111
2666	0.170467836
2667	0.138888889
2668	0.144152047
2669	0.107309942
2670	0.083625731
2671	0.141520468
2672	0.091520468
2673	0.104678363
2674	0.125730994
2675	0.120467836
2676	0.120467836
2677	0.117378917
2678	0.173099415
2679	0.108513709
2680	0.091737892
2681	0.133625731
2682	0.165204678
2683	0.115204678
2684	0.118903319
2685	0.102046784
2686	0.117836257
2687	0.098124098
2688	0.121500722
2689	0.154678363
2690	0.125730994
2691	0.120467836
2692	0.091520468
2693	0.153276353
2694	0.099415205
2695	0.111111111
2696	0.103318903
2697	0.117836257
2697.1	0.123099415
2698	0.116305916
2699	0.082539683
2700	0.102046784
2701	0.091520468
2702	0.104678363
2703	0.117836257
2704	0.094152047
2705	0.120467836
2706	0.129292929
2707	0.099415205
2708	0.08625731
2709	0.111111111
2710	0.080994152
2711	0.112573099
2712	0.092929293
2713	0.130994152
2714	0.099415205
2715	0.088888889
2716	0.10968661
2717	0.104678363
2718	0.08625731
2719	0.112573099
2720	0.116305916
2721	0.091520468
2722	0.096783626
2723	0.118903319
2724	0.096783626
2725	0.098124098
2726	0.088888889
2727	0.07994228
2728	0.129292929
2729	0.096866097
2730	0.080994152
2731	0.113708514
2732	0.087734488
2733	0.131890332
2734	0.092929293
2735	0.144152047
2736	0.122507123
2737	0.094152047
2738	0.108513709
2739	0.112573099
2740	0.128362573
2741	0.124098124
2742	0.099430199
2743	0.127635328
2743.1	0.135327635
2744	0.091520468
2745	0.096866097
2746	0.091520468
2747	0.095526696
2748	0.096783626
2749	0.083625731
2750	0.123099415
2751	0.117836257
2752	0.096866097
2753	0.111111111
2754	0.08625731
2755	0.125730994
2756	0.093108298
2757	0.112573099
2758	0.083625731
2759	0.146783626
2760	0.095526696
2761	0.100721501
2762	0.088888889
2763	0.080994152
2764	0.141520468
2765	0.134487734
2766	0.102046784
2767	0.088045007
2768	0.113708514
2769	0.115204678
2770	0.126695527
2771	0.100721501
2772	0.103318903
2773	0.091520468
2774	0.120467836
2775	0.125730994
2776	0.125730994
2777	0.155266955
2778	0.098124098
2779	0.073099415
2780	0.115204678
2781	0.104678363
2782	0.144152047
2783	0.099415205
2784	0.089173789
2785	0.092929293
2786	0.126695527
2787	0.143019943
2788	0.120467836
2789	0.121500722
2790	0.121500722
2791	0.111111111
2792	0.114814815
2793	0.188888889
2794	0.112250712
2795	0.094152047
2796	0.130994152
2797	0.083625731
2798	0.103318903
2799	0.103318903
2800	0.116305916
2801	0.138888889
2802	0.107309942
2802.1	0.099415205
2803	0.078362573
2804	0.152046784
2805	0.131890332
2806	0.126695527
2807	0.157864358
2808	0.120467836
2809	0.105916306
2810	0.105916306
2811	0.094152047
2812	0.13625731
2813	0.142279942
2814	0.107309942
2815	0.10994152
2816	0.103318903
2817	0.111111111
2818	0.102046784
2819	0.10994152
2820	0.15994152
2821	0.103318903
2822	0.121500722
2823	0.123099415
2824	0.125730994
2825	0.117836257
2826	0.102046784
2827	0.103318903
2828	0.098124098
2829	0.144877345
2830	0.146783626
2831	0.130994152
2832	0.094152047
2833	0.107309942
2834	0.114074074
2835	0.099415205
2836	0.099415205
2837	0.080994152
2838	0.173099415
2839	0.107122507
2840	0.102046784
2841	0.091520468
2842	0.098124098
2843	0.152046784
2844	0.188888889
2845	0.096783626
2846	0.134487734
2847	0.098171589
2848	0.082539683
2849	0.107309942
2850	0.08625731
2851	0.098171589
2852	0.111111111
2853	0.130994152
2854	0.138888889
2855	0.13019943
2856	0.112250712
2857	0.092929293
2858	0.112573099
2859	0.100721501
2860	0.091520468
2861	0.09033189
2861.1	0.095526696
2862	0.09033189
2863	0.087734488
2864	0.104678363
2865	0.163059163
2866	0.088888889
2867	0.178362573
2868	0.123099415
2869	0.098124098
2870	0.083625731
2871	0.121500722
2872	0.099415205
2873	0.094152047
2874	0.10994152
2875	0.102046784
2876	0.121500722
2877	0.099415205
2878	0.117836257
2879	0.107309942
2880	0.125730994
2881	0.099415205
2882	0.080994152
2883	0.117836257
2884	0.141520468
2885	0.144152047
2886	0.092929293
2887	0.120467836
2888	0.09033189
2889	0.101994302
2890	0.128362573
2891	0.137891738
2892	0.099415205
2893	0.104558405
2894	0.120467836
2895	0.09033189
2896	0.118903319
2897	0.105916306
2898	0.13625731
2899	0.113708514
2900	0.094152047
2901	0.112573099
2902	0.095526696
2903	0.117836257
2904	0.095526696
2905	0.113708514
2906	0.108513709
2907	0.091520468
2908	0.144152047
2909	0.101994302
2910	0.103318903
2911	0.081481481
2912	0.10994152
2913	0.13968254
2914	0.102046784
2915	0.124098124
2916	0.091520468
2917	0.138888889
2918	0.111111111
2919	0.126695527
2920	0.094301994
2921	0.100721501
2922	0.126695527
2923	0.085137085
2924	0.111111111
2925	0.131890332
2926	0.117836257
2927	0.117836257
2928	0.104678363
2929	0.181240981
2930	0.134487734
2931	0.130994152
2932	0.07994228
2933	0.131890332
2934	0.105916306
2935	0.149415205
2936	0.095526696
2937	0.152046784
2938	0.08625731
2939	0.07994228
2940	0.120467836
2941	0.104678363
2942	0.095526696
2943	0.147474747
2944	0.088888889
2945	0.16046176
2946	0.129292929
2947	0.094152047
2948	0.104678363
2949	0.099415205
2950	0.115204678
2951	0.125730994
2952	0.137891738
2953	0.133625731
2954	0.117836257
2955	0.124740741
2956	0.152046784
2957	0.096783626
2958	0.080994152
2959	0.095526696
2960	0.09033189
2961	0.088888889
2962	0.170851371
2963	0.128362573
2964	0.129292929
2965	0.130994152
2966	0.088888889
2967	0.129292929
2968	0.091520468
2969	0.08625731
2970	0.102046784
2971	0.091520468
2972	0.152046784
2973	0.147474747
2974	0.096783626
2975	0.130994152
2976	0.103318903
2977	0.128362573
2978	0.111111111
2979	0.115204678
2980	0.096783626
2981	0.083625731
2982	0.108513709
2983	0.117836257
2984	0.091520468
2985	0.125730994
2985.1	0.125730994
2986	0.10994152
2987	0.112573099
2988	0.104678363
2989	0.103318903
2990	0.088888889
2991	0.099430199
2992	0.167836257
2993	0.083625731
2994	0.096783626
2995	0.117836257
2996	0.096783626
2997	0.138888889
2998	0.085513361
2998.1	0.082981716
2999	0.122507123
3000	0.123099415
3001	0.125730994
3002	0.123099415
3003	0.099415205
3004	0.104678363
3005	0.134487734
3006	0.10323488
3007	0.152046784
3008	0.15994152
3009	0.123099415
3010	0.125730994
3011	0.128362573
3012	0.107309942
3013	0.096783626
3014	0.112573099
3015	0.104678363
3016	0.100721501
3017	0.07994228
3018	0.087734488
3019	0.094152047
3020	0.124098124
3021	0.083625731
3022	0.098124098
3023	0.076353276
3024	0.157309942
3025	0.141520468
3026	0.133625731
3027	0.108513709
3028	0.120467836
3029	0.101994302
3030	0.125730994
3031	0.13968254
3032	0.129292929
3033	0.099415205
3034	0.087734488
3035	0.092929293
3036	0.082539683
3037	0.10968661
3038	0.135327635
3039	0.092929293
3040	0.096783626
3041	0.126695527
3042	0.104678363
3043	0.165204678
3044	0.147474747
3045	0.10994152
3046	0.077344877
3047	0.117836257
3048	0.091520468
3049	0.158404558
3050	0.091520468
3051	0.112573099
3052	0.103318903
3053	0.082539683
3054	0.111111111
3055	0.091520468
3056	0.13625731
3057	0.098124098
3058	0.09033189
3059	0.107309942
3060	0.091520468
3061	0.120467836
3062	0.107309942
3063	0.073099415
3064	0.078917379
3065	0.092929293
3066	0.112573099
3067	0.125730994
3068	0.096783626
3069	0.115204678
3070	0.085137085
3071	0.094152047
3072	0.088888889
3073	0.085137085
3074	0.104558405
3075	0.085137085
3076	0.100721501
3077	0.08625731
3078	0.104678363
3079	0.154678363
3080	0.091520468
3081	0.103318903
3082	0.157864358
3083	0.108513709
3084	0.103318903
3085	0.088888889
3086	0.149415205
3087	0.099415205
3088	0.094152047
3089	0.124098124
3090	0.092929293
3091	0.108513709
3092	0.104678363
3093	0.082539683
3094	0.102046784
3095	0.10994152
3096	0.111111111
3097	0.123099415
3098	0.091520468
3099	0.08625731
3100	0.088888889
3101	0.128362573
3102	0.094152047
3103	0.128362573
3104	0.10994152
3105	0.100721501
3106	0.112573099
3107	0.091520468
3108	0.091520468
3109	0.08625731
3110	0.116305916
3111	0.094152047
3112	0.123099415
3113	0.096783626
3114	0.095526696
3115	0.117836257
3116	0.092929293
3117	0.117836257
3118	0.094152047
3119	0.116305916
3120	0.102046784
3121	0.13625731
3122	0.113708514
3123	0.10994152
3124	0.115204678
3125	0.096783626
3126	0.112573099
3127	0.104678363
3128	0.105916306
3129	0.10994152
3130	0.105916306
3131	0.138888889
3132	0.167836257
3133	0.125730994
3134	0.145584046
3135	0.126695527
3136	0.175730994
3137	0.116305916
3138	0.125730994
3139	0.107309942
3140	0.143019943
3141	0.165204678
3142	0.096783626
3143	0.154678363
3144	0.130994152
3145	0.180994152
3146	0.149415205
3147	0.178643579
3148	0.154678363
3149	0.10994152
3150	0.107309942
3151	0.100721501
3152	0.128362573
3153	0.080994152
3154	0.142279942
3155	0.117378917
3156	0.095526696
3157	0.112573099
3158	0.128362573
3159	0.10994152
3160	0.082539683
3161	0.112573099
3162	0.112573099
3163	0.099415205
3164	0.087734488
3165	0.154678363
3166	0.095526696
3167	0.096783626
3168	0.102046784
3169	0.116305916
3170	0.118903319
3171	0.107309942
3172	0.112573099
3173	0.128362573
3174	0.095526696
3175	0.095526696
3176	0.178362573
3177	0.099430199
3178	0.099415205
3179	0.112573099
3180	0.096783626
3181	0.154678363
3182	0.120467836
3183	0.138888889
3184	0.207215007
3185	0.121500722
3186	0.149415205
3187	0.096783626
3188	0.087734488
3189	0.103318903
3190	0.087734488
3191	0.117836257
3192	0.117836257
3193	0.117836257
3194	0.117836257
3195	0.138888889
3196	0.107309942
3197	0.123099415
3198	0.101994302
3199	0.08625731
3200	0.124098124
3201	0.152046784
3202	0.131890332
3203	0.103318903
3204	0.115204678
3205	0.131082982
3206	0.173099415
3207	0.146783626
3208	0.124098124
3209	0.111111111
3210	0.107309942
3211	0.112573099
3212	0.117836257
3213	0.152046784
3214	0.102046784
3215	0.112573099
3216	0.20994152
3217	0.178643579
3218	0.092929293
3219	0.100721501
3220	0.144152047
3224	0.091520468
3226	0.096783626
3228	0.102046784
3229	0.117836257
3231	0.102046784
3235	0.100740741
3238	0.081481481
3241	0.147474747
3244	0.100721501
3246	0.149415205
3249	0.087734488
3251	0.115204678
3252	0.223099415
3254	0.105916306
3256	0.118903319
3257	0.092929293
3259	0.123488045
3261	0.096783626
3262	0.115204678
3264	0.098124098
3265	0.112573099
3267	0.099415205
3269	0.130994152
3271	0.13625731
3273	0.100721501
3275	0.094152047
3277	0.18625731
3279	0.096783626
3282	0.138888889
3283	0.117836257
3285	0.117836257
3287	0.131890332
3290	0.096783626
3292	0.149415205
3294	0.094152047
3296	0.094152047
3298	0.087734488
3304	0.124098124
3306	0.122507123
3308	0.117836257
3311	0.095526696
3313	0.113708514
3315	0.115204678
3316	0.134487734
3317	0.098124098
3319	0.149415205
3320	0.081481481
3321	0.178362573
3322	0.130994152
3325	0.120467836
3328	0.084740741
3334	0.141520468
3337	0.117836257
3338	0.091520468
3340	0.125730994
3341	0.170467836
3342	0.165204678
3343	0.138888889
3345	0.111111111
3347	0.167836257
3348	0.128362573
3349	0.083625731
3350	0.137085137
3351	0.112573099
3352	0.083625731
3353	0.146783626
3354	0.125730994
3355	0.092929293
3356	0.117836257
3357	0.120467836
3358	0.133625731
3358.1	0.138888889
3358.2	0.144152047
3359	0.108513709
3360	0.111111111
3361	0.108513709
3362	0.120467836
3362.1	0.120467836
3363	0.099415205
3364	0.118903319
3365	0.146783626
3366	0.10994152
3367	0.09033189
3368	0.09033189
3369	0.138888889
3370	0.100721501
3371	0.104678363
3372	0.096783626
3373	0.107309942
3374	0.133625731
3375	0.108513709
3376	0.091520468
3376.1	0.096783626
3377	0.130994152
3378	0.102046784
3379	0.094152047
3380	0.09033189
3381	0.115204678
3382	0.099415205
3383	0.154678363
3384	0.080994152
3385	0.096783626
3386	0.096783626
3387	0.095526696
3388	0.133625731
3389	0.138888889
3390	0.091520468
3391	0.091520468
3392	0.105916306
3393	0.100721501
3394	0.099415205
3395	0.102046784
3396	0.094152047
3397	0.083625731
3398	0.08625731
3399	0.102046784
3400	0.117836257
3401	0.100721501
3402	0.102046784
3403	0.15994152
3404	0.091520468
3405	0.096783626
3405.1	0.10994152
3406	0.117836257
3407	0.117836257
3408	0.104678363
3409	0.104678363
3410	0.094152047
3411	0.08625731
3412	0.10994152
3413	0.117836257
3414	0.10994152
3415	0.091520468
3416	0.094152047
3417	0.096783626
3418	0.098124098
3419	0.096507937
3420	0.08625731
3421	0.088888889
3422	0.087734488
3423	0.127635328
3424	0.115204678
3425	0.099415205
3426	0.102046784
3427	0.099415205
3428	0.094152047
3429	0.13968254
3430	0.09033189
3431	0.091520468
3432	0.073099415
3433	0.158404558
3434	0.120467836
3435	0.111111111
3436	0.123099415
3437	0.116305916
3438	0.09033189
3439	0.123099415
3440	0.113708514
3441	0.138888889
3442	0.102046784
3443	0.096783626
3444	0.094152047
3445	0.103407407
3446	0.102046784
3447	0.128362573
3448	0.154678363
3449	0.130994152
3450	0.096783626
3451	0.115204678
3452	0.129292929
3453	0.115204678
3454	0.094152047
3455	0.133625731
3456	0.08625731
3457	0.091520468
3458	0.102046784
3459	0.107309942
3460	0.088888889
3461	0.101994302
3462	0.099415205
3463	0.099415205
3464	0.112573099
3465	0.13625731
3466	0.10994152
3467	0.146783626
3468	0.083625731
3469	0.130994152
3470	0.15994152
3471	0.100721501
3472	0.100721501
3473	0.091520468
3474	0.108513709
3475	0.133625731
3476	0.096783626
3477	0.096866097
3478	0.102046784
3479	0.117836257
3480	0.15007215
3481	0.125071225
3482	0.120467836
3482.1	0.107309942
3483	0.088888889
3484	0.096783626
3485	0.124098124
3486	0.137085137
3487	0.107309942
3488	0.124098124
3489	0.10994152
3490	0.095526696
3491	0.080994152
3492	0.096783626
3493	0.094152047
3493.1	0.104678363
3494	0.10994152
3495	0.165204678
3496	0.087734488
3497	0.121500722
3498	0.108513709
3499	0.080994152
3500	0.099415205
3501	0.107309942
3502	0.099415205
3503	0.094152047
3504	0.128362573
3505	0.096783626
3506	0.118903319
3507	0.112573099
3508	0.088888889
3509	0.096783626
3510	0.170467836
3511	0.104678363
3512	0.10994152
3513	0.102046784
3514	0.13625731
3515	0.096783626
3516	0.096866097
3517	0.138888889
3518	0.104678363
3519	0.117836257
3520	0.104678363
3521	0.154678363
3522	0.117378917
3523	0.141520468
3524	0.111111111
3525	0.103318903
3526	0.088888889
3527	0.117836257
3528	0.118903319
3529	0.083625731
3530	0.10994152
3531	0.116305916
3532	0.128362573
3533	0.115204678
3534	0.144152047
3535	0.089173789
3536	0.118903319
3537	0.098124098
3537.1	0.108513709
3538	0.112573099
3539	0.103318903
3540	0.103318903
3541	0.091520468
3542	0.133614627
3543	0.096783626
3544	0.117836257
3545	0.138888889
3546	0.125730994
3547	0.096783626
3548	0.120467836
3549	0.096783626
3550	0.103318903
3551	0.124098124
3552	0.100721501
3553	0.123099415
3554	0.175730994
3555	0.128362573
3556	0.096783626
3557	0.091520468
3558	0.121500722
3559	0.102046784
3560	0.096783626
3561	0.138888889
3562	0.133625731
3563	0.133625731
3564	0.088888889
3565	0.096783626
3566	0.102046784
3567	0.134487734
3568	0.175730994
3569	0.10994152
3570	0.096783626
3571	0.104558405
3572	0.104678363
3573	0.115204678
3574	0.075730994
3575	0.102046784
3576	0.107309942
3577	0.137085137
3578	0.105916306
3579	0.157309942
3580	0.133625731
3581	0.099415205
3582	0.138888889
3583	0.134487734
3584	0.121500722
3585	0.117836257
3586	0.091520468
3587	0.178362573
3588	0.094152047
3589	0.155266955
3590	0.107122507
3591	0.091737892
3592	0.095526696
3593	0.102046784
3594	0.13625731
3595	0.085137085
3596	0.099415205
3597	0.102046784
3598	0.098124098
3599	0.08625731
3600	0.117836257
3601	0.112250712
3602	0.09033189
3603	0.120467836
3604	0.124098124
3605	0.099415205
3606	0.123099415
3607	0.138888889
3608	0.105916306
3609	0.084045584
3610	0.09033189
3611	0.078362573
3613	0.094152047
3614	0.123099415
3615	0.104678363
3616	0.117836257
3617	0.105916306
3618	0.075730994
3619	0.111111111
3620	0.096783626
3621	0.121500722
3622	0.088888889
3623	0.091520468
3624	0.095526696
3626	0.096783626
3628	0.113708514
3629	0.091520468
3630	0.095526696
3631	0.102046784
3632	0.094152047
3633	0.095526696
3634	0.13968254
3635	0.150712251
3636	0.18625731
3637	0.18625731
3638	0.09033189
3639	0.092929293
3640	0.102046784
3641	0.111111111
3642	0.113708514
3643	0.112573099
3644	0.096783626
3645	0.133625731
3646	0.075730994
3647	0.099415205
3648	0.096783626
3649	0.09033189
3650	0.10994152
3652	0.095526696
3653	0.121500722
3654	0.095526696
3655	0.094152047
3656	0.120467836
3657	0.10968661
3658	0.085137085
3659	0.138888889
3660	0.091520468
3661	0.104678363
3663	0.130994152
3664	0.081481481
3665	0.092929293
3666	0.108513709
3667	0.155266955
3668	0.111111111
3669	0.150712251
3670	0.10994152
3671	0.154678363
3672	0.116305916
3673	0.096783626
3674	0.15994152
3675	0.107309942
3676	0.094152047
3677	0.117836257
3678	0.091737892
3679	0.096783626
3680	0.096783626
3681	0.112573099
3682	0.220467836
3683	0.148148148
3684	0.118903319
3685	0.131890332
3686	0.13968254
3687	0.09033189
3689	0.101994302
3690	0.117836257
3692	0.144152047
3693	0.141520468
3695	0.107309942
3696	0.138888889
3697	0.08625731
3698	0.130994152
3699	0.096783626
3700	0.09033189
3701	0.133625731
3702	0.146783626
3703	0.099415205
3704	0.080994152
3705	0.149415205
3706	0.128362573
3707	0.09033189
3708	0.107309942
3709	0.13625731
3710	0.115204678
3711	0.130994152
3712	0.111111111
3713	0.107309942
3714	0.120467836
3715	0.120467836
3716	0.115204678
3717	0.128362573
3718	0.094301994
3719	0.173099415
3720	0.141520468
3721	0.134487734
3722	0.092929293
3723	0.123099415
3724	0.154678363
3725	0.120467836
3726	0.134487734
3727	0.125730994
3728	0.085137085
3729	0.126695527
3730	0.10994152
3731	0.130994152
3732	0.099415205
3733	0.13625731
3734	0.10994152
3735	0.116305916
3736	0.105916306
3737	0.128362573
3738	0.107309942
3739	0.152669553
3740	0.146783626
3741	0.102046784
3742	0.094152047
3743	0.111111111
3744	0.131890332
3745	0.101994302
3746	0.086609687
3747	0.146783626
3748	0.134487734
3749	0.13625731
3750	0.142279942
3751	0.116305916
3752	0.123099415
3753	0.102046784
3754	0.086697966
3755	0.125730994
3756	0.125730994
3757	0.103318903
3758	0.088888889
3759	0.116305916
3760	0.138888889
3761	0.115204678
3762	0.10994152
3763	0.143019943
3764	0.104678363
3765	0.120467836
3766	0.111111111
3767	0.102046784
3768	0.102046784
3769	0.155266955
3770	0.180994152
3771	0.13625731
3772	0.126695527
3773	0.138888889
3774	0.128362573
3775	0.128362573
3776	0.165204678
3777	0.099415205
3778	0.126695527
3779	0.083625731
3780	0.080994152
3781	0.123099415
3782	0.080994152
3783	0.123099415
3784	0.09033189
3785	0.103318903
3786	0.102046784
3787	0.125730994
3788	0.10994152
3789	0.123099415
3790	0.091520468
3792	0.104558405
3793	0.104678363
3794	0.133625731
3795	0.10968661
3796	0.128362573
3797	0.113708514
3798	0.10994152
3799	0.108513709
3800	0.087734488
3801	0.091520468
3802	0.094152047
3803	0.13968254
3804	0.123099415
3805	0.107309942
3806	0.104558405
3807	0.077344877
3808	0.094152047
3809	0.112573099
3810	0.131890332
3812	0.13625731
3813	0.173448773
3814	0.131890332
3815	0.126695527
3816	0.112573099
3817	0.10994152
3818	0.113708514
3819	0.095526696
3820	0.107309942
3821	0.105916306
3822	0.103318903
3823	0.108513709
3824	0.116305916
3825	0.120467836
3826	0.125071225
3827	0.099415205
3828	0.10994152
3829	0.115204678
3830	0.120467836
3831	0.120467836
3832	0.170467836
3833	0.107309942
3834	0.091520468
3835	0.130994152
3836	0.088888889
3837	0.111111111
3838	0.103318903
3839	0.085137085
3840	0.096783626
3841	0.114814815
3842	0.120467836
3843	0.08625731
3844	0.102046784
3845	0.134487734
3846	0.096783626
3847	0.115204678
3848	0.121500722
3849	0.096783626
3850	0.08625731
3851	0.116305916
3853	0.103318903
3854	0.100721501
3855	0.104678363
3856	0.102046784
3858	0.116305916
3859	0.104678363
3860	0.099415205
3861	0.128362573
3862	0.078362573
3863	0.11994302
3864	0.102046784
3865	0.107309942
3866	0.123099415
3867	0.08625731
3868	0.112573099
3869	0.085137085
3870	0.112573099
3871	0.124098124
3872	0.125730994
3873	0.09033189
3874	0.10994152
3876	0.126695527
3877	0.083625731
3881	0.120467836
3883	0.092740741
3887	0.115204678
3888	0.144152047
3889	0.111407407
3890	0.115204678
3891	0.081481481
3892	0.080994152
3893	0.083625731
3894	0.100721501
3895	0.103318903
3896	0.121500722
3897	0.133625731
3898	0.124382716
3899	0.102046784
3900	0.088888889
3901	0.100721501
3902	0.098124098
3903	0.091520468
3904	0.112573099
3905	0.098124098
3906	0.087734488
3908	0.117836257
3909	0.083625731
3910	0.117836257
3911	0.091520468
3912	0.091520468
3913	0.117836257
3914	0.088888889
3915	0.099415205
3916	0.099415205
3917	0.102046784
3918	0.112573099
3919	0.077344877
3920	0.08625731
3921	0.080994152
3922	0.157864358
3923	0.100721501
3924	0.080994152
3925	0.094152047
3926	0.116305916
3927	0.204617605
3928	0.107309942
3929	0.121500722
3930	0.152046784
3931	0.096783626
3932	0.09033189
3933	0.08625731
3934	0.107309942
3935	0.089173789
3936	0.173099415
3937	0.212409812
3938	0.120467836
3939	0.138888889
3940	0.088888889
3941	0.149415205
3942	0.094152047
3943	0.117836257
3944	0.133625731
3945	0.13625731
3946	0.098124098
3947	0.095526696
3948	0.111111111
3949	0.100721501
3950	0.107309942
3951	0.102046784
3952	0.134487734
3953	0.130994152
3954	0.08625731
3955	0.133625731
3956	0.082539683
3958	0.138888889
3959	0.124098124
3960	0.120467836
3961	0.102046784
3963	0.09033189
3964	0.117836257
3965	0.112573099
3966	0.102046784
3967	0.103318903
3968	0.10994152
3970	0.096783626
3971	0.13625731
3972	0.123099415
3974	0.126695527
3975	0.104678363
3976	0.100721501
3977	0.112573099
3979	0.125730994
3980	0.091520468
3981	0.08625731
3982	0.141520468
3983	0.115204678
3984	0.09033189
3986	0.098124098
3987	0.10994152
3988	0.105916306
3989	0.095526696
3990	0.170851371
3992	0.082539683
3994	0.108513709
3995	0.125730994
3996	0.094152047
3997	0.088888889
3998	0.118903319
3999	0.118903319
4001	0.092929293
4002	0.115204678
4004	0.092929293
4005	0.083625731
4007	0.131890332
4009	0.126695527
4010	0.123099415
4012	0.115204678
4013	0.120467836
4014	0.101994302
4015	0.075730994
4016	0.103318903
4017	0.103318903
4018	0.094152047
4019	0.096783626
4020	0.104558405
4021	0.083625731
4022	0.103318903
4023	0.099415205
4024	0.128362573
4025	0.116305916
4027	0.108513709
4028	0.114814815
4029	0.096866097
4030	0.107309942
4031	0.096783626
4032	0.122507123
4033	0.096783626
4034	0.095526696
4035	0.080994152
4036	0.10994152
4037	0.103318903
4038	0.124098124
4039	0.087734488
4040	0.092929293
4041	0.154678363
4042	0.088888889
4043	0.094152047
4044	0.08625731
4045	0.141520468
4046	0.099415205
4047	0.096783626
4048	0.082539683
4049	0.096866097
4050	0.142279942
4051	0.075730994
4052	0.087734488
4053	0.126695527
4054	0.094152047
4055	0.129292929
4056	0.141520468
4057	0.163059163
4058	0.080994152
4059	0.094301994
4060	0.138888889
4061	0.117836257
4062	0.088888889
4063	0.112573099
4064	0.107309942
4065	0.091737892
4066	0.080994152
4067	0.102046784
4068	0.103318903
4069	0.094152047
4070	0.078362573
4071	0.126695527
4072	0.144152047
4073	0.125730994
4074	0.101994302
4075	0.129292929
4076	0.112573099
4077	0.099415205
4078	0.098124098
4079	0.075730994
4080	0.092929293
4081	0.112250712
4082	0.108513709
4083	0.092929293
4084	0.083625731
4085	0.125730994
4086	0.091520468
4087	0.083625731
4088	0.088888889
4090	0.104678363
4091	0.083625731
4092	0.088888889
4093	0.114814815
4095	0.088888889
4096	0.103318903
4097	0.091520468
4099	0.085137085
4100	0.102046784
4102	0.104678363
4103	0.10994152
4104	0.128362573
4105	0.142279942
4107	0.127635328
4108	0.107309942
4109	0.104678363
4110	0.133625731
4112	0.10994152
4114	0.080994152
4115	0.08625731
4117	0.083625731
4118	0.13625731
4119	0.115204678
4120	0.157309942
4121	0.107716049
4123	0.091520468
4124	0.112250712
4126	0.085137085
4127	0.125730994
4128	0.183625731
4129	0.099430199
4130	0.107122507
4131	0.09033189
4132	0.104678363
4133	0.08625731
4134	0.13968254
4135	0.10994152
4136	0.102046784
4137	0.117836257
4138	0.104678363
4139	0.091520468
4140	0.088888889
4141	0.146783626
4142	0.092929293
4143	0.112573099
4144	0.120467836
4145	0.112573099
4146	0.083625731
4147	0.078362573
4148	0.112573099
4149	0.096783626
4150	0.088888889
4151	0.126695527
4152	0.10994152
4153	0.083625731
4155	0.120467836
4157	0.123099415
4158	0.104678363
4159	0.098124098
4161	0.099415205
4162	0.09033189
4163	0.138888889
4165	0.096783626
4167	0.104678363
4168	0.098124098
4170	0.146783626
4171	0.094152047
4172	0.092929293
4173	0.10994152
4174	0.094301994
4175	0.108513709
4176	0.09033189
4178	0.088888889
4179	0.091520468
4181	0.104678363
4182	0.08625731
4183	0.08625731
4184	0.112573099
4186	0.083625731
4188	0.094152047
4190	0.107309942
4191	0.085137085
4193	0.080994152
4194	0.088888889
4195	0.088888889
4196	0.115204678
4197	0.10994152
4198	0.094301994
4199	0.095526696
4200	0.111111111
4201	0.095526696
4202	0.130994152
4203	0.105916306
4204	0.094152047
4205	0.09033189
4206	0.123099415
4208	0.107309942
4210	0.091520468
4212	0.103318903
4213	0.087734488
4215	0.117378917
4216	0.091520468
4217	0.104678363
4218	0.102046784
4219	0.099415205
4221	0.131890332
4222	0.104678363
4223	0.09033189
4224	0.085137085
4225	0.118903319
4226	0.099415205
4228	0.104678363
4229	0.120467836
4230	0.107309942
4231	0.121500722
4232	0.096783626
4233	0.134487734
4234	0.123099415
4235	0.126695527
4237	0.094152047
4238	0.113708514
4239	0.10994152
4240	0.096783626
4241	0.124098124
4242	0.129292929
4243	0.104678363
4244	0.138888889
4246	0.120467836
4247	0.162573099
4248	0.115204678
4249	0.104678363
4250	0.138888889
4251	0.130994152
4252	0.134487734
4253	0.105916306
4255	0.098124098
4256	0.117836257
4257	0.128362573
4258	0.096783626
4259	0.075730994
4260	0.133625731
4261	0.120467836
4262	0.167836257
4263	0.199415205
4265	0.173099415
4267	0.099415205
4268	0.103318903
4269	0.091520468
4270	0.149415205
4271	0.133625731
4272	0.168253968
4273	0.152669553
4274	0.091520468
4275	0.196783626
4276	0.128362573
4277	0.083625731
4278	0.091520468
4279	0.113708514
4280	0.146783626
4281	0.111111111
4282	0.08625731
4283	0.107309942
4284	0.131890332
4285	0.102046784
4286	0.104678363
4287	0.099415205
4288	0.095526696
4289	0.115204678
4290	0.083625731
4291	0.104678363
4292	0.089173789
4293	0.102046784
4294	0.083625731
4295	0.10994152
4296	0.105916306
4297	0.096783626
4298	0.13968254
4299	0.149415205
4300	0.083625731
4301	0.118903319
4302	0.116305916
4303	0.095526696
4304	0.154678363
4305	0.115204678
4306	0.112250712
4307	0.121500722
4308	0.10994152
4309	0.088888889
4310	0.080994152
4311	0.130994152
4312	0.13625731
4313	0.102046784
4314	0.10994152
4315	0.099415205
4316	0.107309942
4317	0.091520468
4318	0.113708514
4319	0.104678363
4320	0.075730994
4321	0.107309942
4322	0.083625731
4323	0.096783626
4324	0.105916306
4325	0.180994152
4326	0.123099415
4327	0.133625731
4328	0.098124098
4329	0.102046784
4330	0.104678363
4332	0.111111111
4333	0.118903319
4334	0.091520468
4335	0.085137085
4336	0.102046784
4337	0.125730994
4338	0.094152047
4339	0.15994152
4340	0.162573099
4341	0.126695527
4342	0.112573099
4343	0.144152047
4344	0.099415205
4345	0.108513709
4346	0.096783626
4347	0.100721501
4348	0.096783626
4349	0.128362573
4350	0.120467836
4351	0.118903319
4352	0.15994152
4353	0.115204678
4354	0.096783626
4355	0.099415205
4356	0.091520468
4357	0.112573099
4358	0.107309942
4359	0.130994152
4361	0.095526696
4362	0.098124098
4363	0.096783626
4364	0.108513709
4365	0.094152047
4366	0.125730994
4367	0.117836257
4368	0.115204678
4369	0.115204678
4370	0.117836257
4371	0.100721501
4373	0.115204678
4374	0.134487734
4375	0.113708514
4376	0.141520468
4377	0.138888889
4378	0.096783626
4379	0.102046784
4380	0.10994152
4381	0.088888889
4382	0.104678363
4383	0.10994152
4384	0.08625731
4385	0.094152047
4386	0.134487734
4387	0.117836257
4388	0.141520468
4389	0.112573099
4390	0.144152047
4391	0.146783626
4392	0.130994152
4393	0.124098124
4394	0.112573099
4395	0.117836257
4396	0.130994152
4397	0.117836257
4399	0.095526696
4400	0.103318903
4401	0.10994152
4402	0.167836257
4403	0.094152047
4404	0.115204678
4405	0.105916306
4406	0.183838384
4407	0.117836257
4409	0.111111111
4410	0.124098124
4411	0.152046784
4412	0.107309942
4413	0.149415205
4414	0.115204678
4415	0.152046784
4416	0.167836257
4417	0.096783626
4418	0.100721501
4419	0.108513709
4420	0.167836257
4421	0.115204678
4422	0.120467836
4423	0.107309942
4424	0.115204678
4425	0.099415205
4426	0.13625731
4427	0.137085137
4428	0.123099415
4429	0.152046784
4430	0.126695527
4431	0.13625731
4432	0.147474747
4433	0.125730994
4434	0.087734488
4435	0.08625731
4436	0.162573099
4437	0.099415205
4438	0.100721501
4439	0.152046784
4440	0.096783626
4441	0.102046784
4442	0.078362573
4443	0.096783626
4444	0.083625731
4445	0.094152047
4446	0.08625731
4447	0.120467836
4448	0.096783626
4449	0.14045584
4450	0.075730994
4451	0.103318903
4452	0.099415205
4453	0.087734488
4454	0.092929293
4455	0.115204678
4456	0.120467836
4457	0.096783626
4458	0.117836257
4459	0.116305916
4460	0.096783626
4461	0.103318903
4462	0.099415205
4463	0.112573099
4464	0.138888889
4466	0.085137085
4467	0.080994152
4468	0.112573099
4469	0.108513709
4470	0.118903319
4471	0.091520468
4472	0.092929293
4473	0.104678363
4474	0.121500722
4475	0.10994152
4476	0.141520468
4477	0.094152047
4478	0.098124098
4479	0.092929293
4480	0.102046784
4481	0.107309942
4482	0.133625731
4483	0.095526696
4484	0.086609687
4485	0.096783626
4486	0.121500722
4487	0.120467836
4488	0.087734488
4489	0.117836257
4490	0.107309942
4491	0.09033189
4492	0.091520468
4493	0.120467836
4494	0.084045584
4495	0.080994152
4496	0.114814815
4497	0.137085137
4498	0.107309942
4499	0.157864358
4500	0.108513709
4501	0.107309942
4502	0.103318903
4503	0.124098124
4504	0.130994152
4505	0.124098124
4506	0.108513709
4507	0.113708514
4508	0.092929293
4509	0.099415205
4510	0.094152047
4511	0.10994152
4512	0.10994152
4513	0.130994152
4514	0.108513709
4515	0.096783626
4516	0.104678363
