uta	att
4	0.13625731
6	0.111111111
7	0.173448773
8	0.104678363
9	0.114478114
10	0.091520468
11	0.133625731
12	0.102046784
14	0.083625731
15	0.09033189
18	0.08625731
19	0.10994152
20	0.133625731
21	0.103318903
22	0.096783626
23	0.106074074
24	0.099415205
27	0.074747475
28	0.123099415
30	0.092929293
31	0.085137085
32	0.113708514
33	0.094152047
34	0.083625731
35	0.09033189
37	0.095526696
39	0.083625731
40	0.074747475
41	0.112573099
42	0.094152047
43	0.096783626
44	0.08625731
46	0.126695527
47	0.124098124
48	0.10994152
49	0.123099415
51	0.135407407
53	0.08625731
54	0.15994152
55	0.104678363
56	0.152046784
57	0.115204678
58	0.123099415
59	0.154678363
60	0.095526696
61	0.096783626
62	0.08625731
63	0.08625731
64	0.15007215
65	0.087734488
66	0.117836257
67	0.095526696
68	0.085137085
69	0.102046784
70	0.091520468
71	0.083625731
72	0.088888889
73	0.128362573
74	0.115204678
75	0.13968254
76	0.113708514
77	0.077344877
78	0.084045584
80	0.087734488
81	0.125730994
82	0.152046784
83	0.07994228
84	0.131890332
85	0.088888889
86	0.085137085
87	0.108513709
88	0.167836257
89	0.094152047
90	0.088888889
91	0.076353276
92	0.10994152
93	0.091737892
94	0.083625731
95	0.106074074
96	0.07994228
97	0.082539683
98	0.080994152
99	0.078362573
100	0.129292929
101	0.074747475
102	0.086609687
103	0.13625731
104	0.154678363
105	0.128362573
106	0.113708514
107	0.088888889
108	0.08625731
109	0.102046784
110	0.120467836
111	0.094152047
112	0.083625731
113	0.10994152
114	0.134487734
115	0.092929293
116	0.102046784
117	0.107309942
118	0.094152047
119	0.088888889
120	0.163532764
121	0.13625731
122	0.075730994
123	0.102046784
124	0.098124098
125	0.087734488
126	0.115204678
127	0.129292929
128	0.126695527
129	0.108740741
130	0.102046784
132	0.10994152
133	0.111111111
134	0.102046784
136	0.125730994
137	0.129292929
139	0.092929293
140	0.074747475
141	0.102046784
142	0.098124098
143	0.075730994
144	0.074747475
145	0.102160494
146	0.107309942
147	0.134487734
148	0.085137085
149	0.073099415
151	0.08625731
152	0.102046784
154	0.082539683
156	0.093265993
157	0.087734488
158	0.107309942
160	0.103599374
161	0.115204678
163	0.111111111
164	0.088888889
165	0.084045584
166	0.11994302
168	0.104678363
169	0.102046784
170	0.094152047
171	0.099415205
172	0.115204678
173	0.087734488
174	0.075730994
175	0.09033189
176	0.102046784
177	0.091520468
178	0.088888889
179	0.078362573
180	0.117836257
181	0.142279942
182	0.099415205
183	0.10994152
184	0.123099415
185	0.10994152
186	0.102046784
187	0.104678363
188	0.091520468
189	0.098124098
190	0.104678363
191	0.107309942
192	0.102046784
193	0.077344877
195	0.100721501
197	0.087734488
198	0.075730994
200	0.102046784
201	0.107309942
202	0.104678363
203	0.204617605
205	0.107309942
206	0.096783626
208	0.125730994
209	0.15007215
211	0.128362573
212	0.09033189
214	0.115204678
215	0.111111111
216	0.144152047
218	0.107309942
219	0.087407407
221	0.131890332
222	0.099415205
223	0.095526696
224	0.100721501
225	0.100721501
226	0.086609687
227	0.137891738
228	0.117836257
229	0.113708514
231	0.244152047
232	0.101994302
233	0.215204678
234	0.13968254
235	0.09033189
235.1	0.09033189
236	0.13019943
237	0.073789174
238	0.094152047
240	0.094152047
241	0.080994152
242	0.086609687
243	0.082539683
244	0.098124098
245	0.120467836
246	0.103318903
247	0.088888889
248	0.080994152
249	0.093055556
250	0.130994152
251	0.148740741
252	0.083625731
253	0.125730994
254	0.103318903
255	0.083625731
256	0.089173789
256.1	0.094301994
258	0.126695527
259	0.126695527
262	0.173099415
263	0.101994302
264	0.130994152
265	0.134487734
266	0.089173789
267	0.10994152
268	0.120467836
269	0.147474747
270	0.112573099
271	0.102046784
272	0.096783626
273	0.077344877
274	0.123099415
275	0.094152047
276	0.09033189
276.1	0.087734488
277	0.146783626
278	0.137085137
279	0.138888889
280	0.123099415
281	0.130994152
282	0.099415205
283	0.091520468
284	0.117836257
285	0.081481481
286	0.104678363
287	0.141520468
288	0.103318903
289	0.125730994
290	0.102046784
291	0.123099415
292	0.123099415
293	0.118318318
294	0.095526696
295	0.080994152
296	0.098124098
297	0.077344877
298	0.133625731
299	0.241520468
300	0.094152047
301	0.100721501
302	0.091737892
303	0.078362573
304	0.129292929
305	0.085137085
306	0.074747475
307	0.100721501
308	0.146783626
309	0.115204678
310	0.117836257
311	0.075730994
312	0.111111111
313	0.098124098
314	0.088888889
316	0.120467836
318	0.173789174
320	0.194152047
321	0.146783626
323	0.096783626
325	0.085137085
326	0.073099415
327	0.134487734
328	0.099415205
329	0.092929293
330	0.133625731
331	0.094152047
332	0.104558405
333	0.13625731
334	0.107309942
335	0.125730994
336	0.084740741
337	0.088888889
338	0.103318903
339	0.087734488
340	0.111111111
341	0.103318903
342	0.098124098
343	0.107309942
344	0.083625731
345	0.098124098
346	0.091520468
347	0.124098124
348	0.10994152
349	0.132763533
350	0.133625731
351	0.094152047
352	0.172740741
353	0.167836257
354	0.16046176
355	0.112573099
356	0.108513709
357	0.087734488
358	0.077344877
359	0.074747475
360	0.134487734
361	0.18625731
362	0.096783626
363	0.091520468
364	0.129292929
365	0.10994152
367	0.105916306
368	0.078362573
369	0.111111111
370	0.112573099
371	0.07994228
373	0.091520468
374	0.107309942
375	0.08625731
376	0.113708514
377	0.098124098
378	0.134487734
380	0.07994228
381	0.100721501
383	0.125730994
384	0.093108298
385	0.123099415
386	0.113708514
387	0.105916306
389	0.094152047
390	0.105916306
391	0.112573099
392	0.130994152
393	0.088888889
394	0.094152047
395	0.155266955
396	0.103318903
397	0.088888889
398	0.11994302
399	0.111111111
400	0.114814815
401	0.096783626
402	0.09033189
403	0.087734488
404	0.128362573
405	0.150712251
406	0.083625731
407	0.168253968
408	0.107309942
409	0.104678363
410	0.094301994
411	0.107309942
412	0.115204678
413	0.112250712
414	0.102046784
415	0.076353276
416	0.102046784
417	0.091520468
418	0.096783626
419	0.096783626
421	0.128362573
422	0.09033189
424	0.098124098
425	0.142279942
426	0.080994152
427	0.082539683
428	0.09033189
429	0.115204678
430	0.125730994
432	0.112573099
433	0.116305916
434	0.113708514
435	0.107309942
436	0.074747475
437	0.077344877
438	0.085137085
439	0.120467836
440	0.094152047
441	0.084045584
442	0.096783626
444	0.165656566
445	0.083625731
446	0.092929293
447	0.082539683
448	0.113708514
449	0.104678363
450	0.125730994
451	0.112573099
452	0.146783626
453	0.128362573
454	0.128362573
455	0.149415205
456	0.094152047
457	0.080994152
458	0.085137085
459	0.10968661
461	0.113708514
462	0.162573099
463	0.085137085
464	0.183838384
465	0.165204678
467	0.116305916
468	0.105916306
469	0.117836257
470	0.126695527
471	0.094152047
472	0.078362573
473	0.130994152
474	0.112250712
476	0.147474747
477	0.103318903
479	0.155266955
480	0.11994302
482	0.084045584
483	0.102046784
484	0.08625731
486	0.09033189
487	0.07994228
488	0.183625731
489	0.123099415
490	0.098124098
491	0.09033189
492	0.082539683
493	0.09033189
494	0.126695527
495	0.111111111
496	0.100721501
497	0.078362573
498	0.096783626
499	0.084045584
500	0.128362573
501	0.102046784
502	0.113708514
503	0.122507123
504	0.098124098
505	0.105916306
506	0.100721501
507	0.117836257
508	0.077344877
510	0.10994152
511	0.099415205
512	0.137085137
513	0.100721501
514	0.134487734
515	0.099415205
516	0.077344877
517	0.086609687
518	0.138888889
519	0.118903319
520	0.102046784
521	0.120467836
522	0.089173789
523	0.105916306
524	0.125730994
525	0.07994228
526	0.075730994
527	0.108298172
528	0.087734488
530	0.083625731
531	0.112250712
532	0.099415205
533	0.080994152
535	0.126695527
536	0.085137085
537	0.088888889
538	0.09033189
539	0.081481481
540	0.124098124
541	0.09033189
542	0.088888889
544	0.082539683
545	0.08625731
547	0.088888889
548	0.122074074
549	0.100721501
550	0.071225071
551	0.08625731
552	0.08625731
553	0.117836257
554	0.107309942
555	0.10994152
556	0.104678363
557	0.104678363
558	0.082539683
559	0.07994228
560	0.091520468
561	0.099415205
562	0.075730994
563	0.077344877
564	0.08625731
565	0.087734488
566	0.104678363
567	0.092740741
568	0.08625731
569	0.095526696
570	0.102046784
571	0.082539683
572	0.117836257
573	0.113708514
574	0.108513709
575	0.10994152
576	0.096783626
577	0.099415205
578	0.115204678
579	0.078362573
580	0.107309942
581	0.09033189
582	0.103318903
583	0.080994152
584	0.113708514
585	0.085513361
586	0.085137085
587	0.104678363
588	0.091520468
589	0.099415205
590	0.107309942
591	0.08625731
592	0.07994228
593	0.091520468
594	0.167836257
595	0.095526696
596	0.080994152
597	0.075730994
598	0.10994152
599	0.099415205
600	0.07994228
601	0.077344877
602	0.125730994
603	0.08625731
604	0.07994228
605	0.08625731
606	0.129292929
607	0.082539683
608	0.077344877
609	0.085137085
610	0.095526696
611	0.078917379
612	0.09033189
613	0.080994152
614	0.082539683
615	0.092929293
616	0.094152047
617	0.08625731
618	0.099415205
620	0.077344877
621	0.092929293
622	0.107309942
623	0.126695527
624	0.176353276
625	0.123099415
626	0.107309942
627	0.112250712
628	0.085137085
629	0.075730994
630	0.08625731
631	0.094152047
632	0.076353276
633	0.102046784
634	0.080994152
635	0.087734488
636	0.083625731
637	0.10994152
638	0.094152047
639	0.099415205
640	0.08625731
641	0.101994302
642	0.130994152
643	0.092929293
644	0.118903319
645	0.08625731
646	0.083625731
647	0.07994228
648	0.091520468
649	0.098124098
650	0.138888889
651	0.167836257
652	0.108513709
653	0.120467836
654	0.087734488
655	0.122222222
656	0.098124098
657	0.087734488
658	0.075730994
659	0.098171589
660	0.096866097
661	0.087734488
662	0.104678363
663	0.107309942
664	0.088888889
665	0.116305916
666	0.082539683
667	0.078917379
668	0.113708514
669	0.096866097
670	0.104678363
671	0.098124098
672	0.073099415
673	0.074747475
674	0.072855134
675	0.116305916
676	0.08625731
677	0.10994152
678	0.103318903
679	0.099430199
680	0.075730994
681	0.088888889
682	0.07994228
683	0.08625731
684	0.115893108
685	0.102046784
686	0.104678363
687	0.099415205
688	0.094152047
689	0.08625731
690	0.083625731
691	0.072150072
692	0.087734488
693	0.144152047
694	0.083625731
695	0.07994228
696	0.080994152
697	0.10994152
698	0.146783626
699	0.074747475
700	0.115204678
701	0.09033189
702	0.092929293
703	0.096783626
704	0.08625731
705	0.083625731
706	0.099415205
707	0.115204678
708	0.07994228
709	0.107309942
710	0.091520468
711	0.093108298
712	0.13968254
713	0.107309942
714	0.07994228
715	0.088888889
716	0.094152047
717	0.082539683
718	0.08625731
719	0.091520468
720	0.087734488
721	0.123099415
722	0.087734488
724	0.117836257
725	0.101994302
726	0.08045007
727	0.111111111
728	0.113708514
729	0.094152047
730	0.078362573
731	0.104678363
732	0.091520468
733	0.083625731
734	0.075730994
735	0.154678363
736	0.108513709
737	0.095526696
738	0.105916306
739	0.098124098
740	0.073099415
741	0.155266955
742	0.107309942
743	0.102046784
744	0.092929293
745	0.104678363
746	0.118903319
747	0.105916306
748	0.077344877
749	0.095526696
750	0.08625731
751	0.078362573
752	0.082539683
753	0.107309942
754	0.103318903
755	0.10994152
756	0.104678363
757	0.076353276
758	0.107309942
759	0.134487734
760	0.088888889
761	0.085137085
762	0.09033189
763	0.088888889
764	0.083625731
765	0.094152047
766	0.099415205
767	0.080994152
768	0.098124098
769	0.147474747
770	0.086609687
771	0.094152047
772	0.089173789
773	0.112573099
774	0.078362573
775	0.099415205
776	0.085137085
777	0.115204678
778	0.117836257
779	0.107309942
780	0.095526696
781	0.104678363
782	0.091520468
783	0.092929293
784	0.085137085
785	0.169057665
786	0.128362573
787	0.08625731
788	0.101994302
789	0.128362573
790	0.10968661
791	0.104558405
792	0.126695527
793	0.117836257
795	0.099430199
796	0.088888889
797	0.099415205
798	0.096783626
799	0.115204678
801	0.094152047
803	0.112573099
805	0.104678363
806	0.099415205
807	0.078362573
808	0.08625731
809	0.07994228
810	0.098124098
811	0.095526696
812	0.113708514
814	0.107309942
815	0.117836257
816	0.157309942
817	0.15994152
818	0.144152047
819	0.095526696
820	0.128362573
821	0.133625731
822	0.165204678
823	0.199415205
824	0.13625731
825	0.128362573
826	0.146783626
827	0.13625731
828	0.130994152
829	0.131890332
830	0.125730994
831	0.123099415
832	0.142279942
833	0.120467836
834	0.112573099
835	0.128362573
836	0.191630592
837	0.154678363
838	0.115204678
839	0.175730994
840	0.178362573
841	0.165204678
842	0.157309942
843	0.144152047
844	0.138888889
845	0.107309942
846	0.146783626
847	0.112573099
848	0.115204678
849	0.188888889
850	0.170851371
851	0.162573099
852	0.105916306
853	0.087734488
854	0.076353276
855	0.08625731
856	0.075730994
857	0.073099415
858	0.083625731
859	0.152046784
860	0.078362573
861	0.088888889
862	0.08625731
863	0.07994228
864	0.13625731
865	0.075730994
866	0.080994152
867	0.117836257
868	0.117836257
869	0.08625731
870	0.104678363
871	0.112573099
872	0.117836257
873	0.141520468
874	0.102046784
875	0.124098124
876	0.102046784
877	0.088888889
878	0.07994228
879	0.154678363
880	0.112573099
881	0.099415205
882	0.099415205
883	0.116305916
884	0.099415205
885	0.154678363
887	0.102046784
888	0.112573099
889	0.096866097
890	0.116305916
891	0.088888889
893	0.09033189
895	0.094152047
896	0.083625731
898	0.096783626
899	0.087734488
900	0.096783626
901	0.091520468
902	0.08625731
903	0.072150072
905	0.15994152
906	0.112573099
908	0.133625731
909	0.082539683
910	0.108513709
911	0.141520468
912	0.162573099
914	0.095526696
915	0.080994152
916	0.104678363
918	0.083625731
919	0.111111111
921	0.112573099
922	0.092929293
924	0.115204678
925	0.121500722
927	0.113708514
929	0.107309942
930	0.092929293
932	0.125730994
934	0.114814815
936	0.083625731
937	0.10994152
939	0.08625731
940	0.157864358
941	0.104678363
943	0.07994228
944	0.149415205
945	0.115204678
947	0.091737892
949	0.111111111
950	0.084045584
951	0.075730994
952	0.099415205
953	0.096783626
954	0.165656566
955	0.08625731
956	0.077344877
957	0.091520468
958	0.107309942
959	0.112573099
960	0.133625731
961	0.10994152
962	0.092929293
964	0.121500722
965	0.095526696
966	0.107309942
967	0.074747475
968	0.088888889
969	0.102046784
970	0.174382716
972	0.096866097
974	0.07994228
975	0.100721501
976	0.078362573
977	0.104678363
978	0.103318903
979	0.148148148
980	0.099415205
981	0.115204678
982	0.088888889
983	0.091520468
984	0.078362573
985	0.083625731
986	0.102046784
987	0.108513709
988	0.108513709
989	0.141520468
990	0.104678363
991	0.088888889
992	0.115204678
993	0.072150072
994	0.115204678
995	0.128362573
996	0.126695527
997	0.102046784
998	0.075730994
999	0.127635328
1000	0.103318903
1001	0.117836257
1002	0.137085137
1003	0.083625731
1004	0.10994152
1006	0.107309942
1007	0.073789174
1008	0.083625731
1009	0.115204678
1010	0.155266955
1011	0.126695527
1012	0.138888889
1013	0.125730994
1014	0.130994152
1015	0.095526696
1016	0.10994152
1017	0.125730994
1023	0.124098124
1024	0.10994152
1025	0.099415205
1026	0.090576653
1027	0.096783626
1028	0.154678363
1029	0.10994152
1030	0.08625731
1031	0.137085137
1032	0.167836257
1033	0.100721501
1034	0.094301994
1035	0.126695527
1036	0.107309942
1037	0.102046784
1038	0.095526696
1039	0.107309942
1040	0.13625731
1041	0.170467836
1042	0.138888889
1043	0.092929293
1044	0.08625731
1045	0.08625731
1046	0.099415205
1048	0.134487734
1049	0.099415205
1051	0.130994152
1052	0.088888889
1054	0.080994152
1055	0.104678363
1056	0.100721501
1057	0.10994152
1058	0.073099415
1060	0.133625731
1061	0.112573099
1063	0.091520468
1064	0.102046784
1066	0.080994152
1067	0.115204678
1068	0.103318903
1069	0.099415205
1070	0.142279942
1071	0.117836257
1072	0.07994228
1073	0.099415205
1074	0.137085137
1075	0.096783626
1076	0.088888889
1077	0.077344877
1078	0.113708514
1079	0.075730994
1080	0.102046784
1081	0.13968254
1082	0.094152047
1083	0.07994228
1084	0.091520468
1085	0.100721501
1086	0.120467836
1087	0.118903319
1088	0.112573099
1089	0.077344877
1090	0.107309942
1091	0.183625731
1092	0.107309942
1093	0.111407407
1094	0.162074074
1095	0.096783626
1096	0.120467836
1097	0.078917379
1098	0.088045007
1099	0.088888889
1100	0.099415205
1101	0.144877345
1102	0.094152047
1103	0.098124098
1104	0.105916306
1105	0.092929293
1106	0.107309942
1107	0.083625731
1108	0.078362573
1109	0.091520468
1110	0.080994152
1111	0.105916306
1112	0.075730994
1113	0.094301994
1114	0.107309942
1115	0.102046784
1116	0.167836257
1117	0.115204678
1118	0.102046784
1119	0.102046784
1120	0.120467836
1121	0.125730994
1122	0.123099415
1123	0.091520468
1124	0.091520468
1125	0.104678363
1126	0.088888889
1127	0.10968661
1128	0.09033189
1129	0.125730994
1130	0.117836257
1131	0.133625731
1132	0.11994302
1133	0.107309942
1134	0.112573099
1135	0.096783626
1136	0.130994152
1137	0.10994152
1138	0.082539683
1139	0.080994152
1140	0.107309942
1141	0.117836257
1142	0.094152047
1143	0.082539683
1144	0.10994152
1145	0.095526696
1146	0.107309942
1147	0.081481481
1148	0.13625731
1149	0.137891738
1150	0.10994152
1151	0.107309942
1152	0.098124098
1153	0.099415205
1154	0.13625731
1155	0.099430199
1156	0.125730994
1157	0.131890332
1158	0.133625731
1159	0.091520468
1160	0.078362573
1161	0.204678363
1162	0.102046784
1163	0.111111111
1164	0.105916306
1165	0.099415205
1166	0.10994152
1167	0.128362573
1168	0.107122507
1169	0.09033189
1170	0.138888889
1171	0.092929293
1172	0.088888889
1173	0.092929293
1174	0.10994152
1175	0.087734488
1176	0.092929293
1177	0.113708514
1178	0.120467836
1179	0.154678363
1180	0.094152047
1181	0.130994152
1182	0.080994152
1183	0.08625731
1184	0.088888889
1185	0.080994152
1186	0.096783626
1187	0.092929293
1188	0.100721501
1189	0.102046784
1190	0.096783626
1191	0.093108298
1192	0.104678363
1193	0.078362573
1194	0.10994152
1195	0.107309942
1196	0.08625731
1197	0.099430199
1198	0.157309942
1199	0.099415205
1200	0.103318903
1201	0.074747475
1202	0.085137085
1203	0.121500722
1204	0.103318903
1205	0.120467836
1206	0.088888889
1207	0.091520468
1208	0.080994152
1209	0.091520468
1210	0.08625731
1211	0.092929293
1212	0.121500722
1213	0.142279942
1214	0.133625731
1215	0.072150072
1216	0.083625731
1217	0.102046784
1218	0.104558405
1219	0.14045584
1220	0.104678363
1221	0.087734488
1222	0.077344877
1223	0.104678363
1224	0.133625731
1225	0.104678363
1226	0.112573099
1227	0.107309942
1228	0.094152047
1229	0.113708514
1230	0.102046784
1231	0.102046784
1232	0.085137085
1233	0.092929293
1234	0.107309942
1235	0.091520468
1236	0.087734488
1237	0.128362573
1238	0.082539683
1239	0.074747475
1240	0.095526696
1241	0.152046784
1242	0.141520468
1243	0.120467836
1244	0.142279942
1245	0.145584046
1246	0.150712251
1247	0.078362573
1248	0.123099415
1249	0.144152047
1250	0.10994152
1251	0.102046784
1252	0.117836257
1253	0.130994152
1254	0.09033189
1255	0.085137085
1256	0.113708514
1257	0.111111111
1258	0.10968661
1259	0.115204678
1260	0.113708514
1261	0.123099415
1262	0.10994152
1263	0.102046784
1264	0.137891738
1265	0.107309942
1266	0.08625731
1268	0.118903319
1269	0.102046784
1270	0.115204678
1271	0.074747475
1296	0.083625731
1297	0.08625731
1298	0.104678363
1299	0.096783626
1300	0.08625731
1301	0.078362573
1302	0.098124098
1303	0.098124098
1304	0.133625731
1305	0.078917379
1306	0.107309942
1307	0.089173789
1308	0.092929293
1309	0.107122507
1310	0.078362573
1311	0.098124098
1312	0.107309942
1313	0.146783626
1314	0.15007215
1315	0.115204678
1316	0.103318903
1317	0.123099415
1318	0.124098124
1319	0.133625731
1320	0.07994228
1321	0.073099415
1322	0.082539683
1323	0.075730994
1324	0.073789174
1325	0.112573099
1326	0.096783626
1327	0.146783626
1328	0.083625731
1329	0.120467836
1330	0.104678363
1331	0.091520468
1332	0.099415205
1333	0.144152047
1334	0.096783626
1335	0.087734488
1336	0.094152047
1337	0.091520468
1338	0.104678363
1339	0.112573099
1340	0.108513709
1341	0.112573099
1342	0.107309942
1343	0.128362573
1344	0.099415205
1345	0.129292929
1346	0.141520468
1347	0.157309942
1348	0.082539683
1349	0.126695527
1350	0.087734488
1351	0.123099415
1352	0.112573099
1353	0.08625731
1354	0.104678363
1355	0.094152047
1356	0.083625731
1357	0.111111111
1358	0.104678363
1359	0.08625731
1360	0.096783626
1361	0.128362573
1362	0.108513709
1363	0.191520468
1364	0.137085137
1365	0.178362573
1366	0.078362573
1367	0.094152047
1368	0.124098124
1369	0.094152047
1370	0.115204678
1371	0.130994152
1372	0.094152047
1373	0.129292929
1374	0.091520468
1375	0.09033189
1376	0.103407407
1377	0.084045584
1378	0.104678363
1379	0.087734488
1380	0.129292929
1381	0.10994152
1382	0.087734488
1383	0.09033189
1384	0.118903319
1385	0.076353276
1386	0.099415205
1387	0.099415205
1388	0.080994152
1389	0.09033189
1390	0.09033189
1391	0.107309942
1392	0.107309942
1393	0.100721501
1394	0.085137085
1395	0.08625731
1396	0.123099415
1397	0.108513709
1398	0.088888889
1399	0.083625731
1400	0.094152047
1401	0.100721501
1402	0.115204678
1404	0.10994152
1405	0.126695527
1406	0.165656566
1407	0.129292929
1408	0.09033189
1409	0.130994152
1410	0.083625731
1411	0.100721501
1412	0.107309942
1413	0.078362573
1414	0.130994152
1415	0.091520468
1416	0.080994152
1417	0.095526696
1418	0.126695527
1419	0.078362573
1420	0.191520468
1421	0.128362573
1422	0.133625731
1423	0.194152047
1424	0.149415205
1425	0.094152047
1426	0.183838384
1427	0.202046784
1430	0.125730994
1431	0.20994152
1432	0.120467836
1433	0.130994152
1434	0.141520468
1435	0.112573099
1436	0.196825397
1437	0.180994152
1438	0.16046176
1439	0.168253968
1440	0.142279942
1441	0.212573099
1442	0.112573099
1443	0.165656566
1444	0.233189033
1445	0.173099415
1446	0.117836257
1447	0.099415205
1448	0.125730994
1449	0.125730994
1450	0.170851371
1451	0.098124098
1452	0.120467836
1454	0.085137085
1455	0.099415205
1456	0.112573099
1457	0.107309942
1458	0.13625731
1459	0.100721501
1460	0.13625731
1461	0.13625731
1462	0.094152047
1463	0.099415205
1464	0.183625731
1465	0.078362573
1466	0.075730994
1467	0.099415205
1468	0.196783626
1469	0.092929293
1470	0.091520468
1471	0.146783626
1472	0.083625731
1473	0.100721501
1474	0.078362573
1475	0.096783626
1476	0.07994228
1477	0.083625731
1478	0.104678363
1479	0.125730994
1480	0.108513709
1481	0.098124098
1482	0.102046784
1483	0.099415205
1484	0.080994152
1485	0.107309942
1486	0.102046784
1487	0.091520468
1488	0.123099415
1489	0.149415205
1490	0.083625731
1491	0.104678363
1492	0.14045584
1493	0.112573099
1494	0.091520468
1495	0.091520468
1496	0.141520468
1497	0.107309942
1498	0.094152047
1499	0.107309942
1500	0.117836257
1501	0.092929293
1502	0.103407407
1503	0.105916306
1504	0.117836257
1505	0.085137085
1506	0.115204678
1508	0.103318903
1509	0.080994152
1510	0.125071225
1511	0.138888889
1512	0.144152047
1513	0.212250712
1514	0.225396825
1515	0.133625731
1516	0.133625731
1517	0.188740741
1518	0.094152047
1519	0.094152047
1521	0.091520468
1522	0.08625731
1523	0.15994152
1524	0.094152047
1525	0.10968661
1526	0.091520468
1527	0.08625731
1528	0.138888889
1529	0.077344877
1530	0.173099415
1531	0.096783626
1532	0.175730994
1533	0.13968254
1534	0.199415205
1535	0.170467836
1536	0.157864358
1537	0.196783626
1539	0.133625731
1540	0.324098124
1541	0.170467836
1542	0.189033189
1543	0.189173789
1544	0.088888889
1545	0.099415205
1546	0.124098124
1548	0.111111111
1550	0.167836257
1551	0.157309942
1552	0.173099415
1553	0.225396825
1554	0.183625731
1555	0.163059163
1556	0.20981241
1557	0.202046784
1558	0.157309942
1559	0.162573099
1560	0.18021309
1561	0.102046784
1562	0.105916306
1563	0.104678363
1564	0.194227994
1565	0.141520468
1566	0.102046784
1567	0.113708514
1568	0.20994152
1569	0.138888889
1570	0.099415205
1571	0.220467836
1572	0.165204678
1573	0.165656566
1574	0.100721501
1575	0.215007215
1576	0.098124098
1577	0.167836257
1578	0.317836257
1579	0.212409812
1580	0.223099415
1581	0.165204678
1582	0.15007215
1583	0.199415205
1584	0.137085137
1585	0.202046784
1586	0.155266955
1587	0.104678363
1588	0.165204678
1589	0.149415205
1590	0.170467836
1591	0.134487734
1592	0.107122507
1593	0.25994152
1594	0.212409812
1595	0.222799423
1596	0.129292929
1597	0.357864358
1598	0.249415205
1599	0.212409812
1600	0.20994152
1601	0.142279942
1602	0.078362573
1603	0.107309942
1604	0.180994152
1605	0.246783626
1606	0.180994152
1607	0.130994152
1608	0.202020202
1609	0.183625731
1611	0.104678363
1612	0.108513709
1613	0.13625731
1614	0.08625731
1615	0.074747475
1616	0.115204678
1617	0.204678363
1618	0.215204678
1619	0.087734488
1620	0.07994228
1621	0.178643579
1622	0.196783626
1623	0.112573099
1624	0.120467836
1625	0.116305916
1626	0.199415205
1627	0.128362573
1628	0.204678363
1630	0.141520468
1631	0.125730994
1632	0.165656566
1633	0.128362573
1634	0.112573099
1635	0.117378917
1636	0.157864358
1637	0.130994152
1638	0.085137085
1639	0.152046784
1640	0.180994152
1641	0.165204678
1642	0.138888889
1643	0.112573099
1644	0.123099415
1645	0.180994152
1646	0.13625731
1647	0.175730994
1648	0.167836257
1649	0.254678363
1650	0.188888889
1651	0.191520468
1652	0.125730994
1653	0.087734488
1654	0.152046784
1655	0.170467836
1656	0.144877345
1657	0.123099415
1658	0.155266955
1659	0.178917379
1660	0.125730994
1661	0.091520468
1662	0.147474747
1663	0.183625731
1664	0.152046784
1665	0.080994152
1666	0.117836257
1667	0.078362573
1668	0.108513709
1669	0.124098124
1670	0.091520468
1671	0.099415205
1672	0.092929293
1673	0.080994152
1674	0.120467836
1675	0.10994152
1676	0.146783626
1677	0.120467836
1678	0.127635328
1679	0.09033189
1680	0.173099415
1681	0.144152047
1682	0.104678363
1683	0.157309942
1684	0.126695527
1685	0.115204678
1686	0.117836257
1687	0.091520468
1688	0.102046784
1689	0.118903319
1690	0.09033189
1691	0.102046784
1692	0.085137085
1693	0.088888889
1694	0.15994152
1695	0.121500722
1696	0.111111111
1697	0.100721501
1698	0.096783626
1699	0.08625731
1700	0.186435786
1701	0.125730994
1702	0.13968254
1703	0.173099415
1704	0.117836257
1705	0.107309942
1706	0.123099415
1707	0.165204678
1708	0.107309942
1709	0.117836257
1710	0.141520468
1711	0.074747475
1712	0.096783626
1713	0.103318903
1714	0.091520468
1715	0.104678363
1716	0.10994152
1717	0.091520468
1718	0.099415205
1719	0.096783626
1720	0.102046784
1721	0.085137085
1722	0.09033189
1723	0.096783626
1724	0.088888889
1725	0.108513709
1726	0.080994152
1727	0.099415205
1728	0.075730994
1729	0.098124098
1730	0.099415205
1731	0.085137085
1732	0.130994152
1733	0.104678363
1734	0.102046784
1735	0.111111111
1736	0.082539683
1737	0.091520468
1739	0.103318903
1741	0.075730994
1743	0.092929293
1745	0.091520468
1746	0.088888889
1748	0.196783626
1750	0.095526696
1752	0.152669553
1754	0.096783626
1756	0.117836257
1758	0.133625731
1760	0.132740741
1762	0.078362573
1763	0.094152047
1765	0.091520468
1766	0.099430199
1767	0.123099415
1768	0.100721501
1769	0.10994152
1770	0.095407407
1771	0.118903319
1772	0.144152047
1773	0.120467836
1774	0.07994228
1775	0.157309942
1776	0.107309942
1777	0.089173789
1778	0.082539683
1779	0.094152047
1781	0.083625731
1782	0.104678363
1783	0.092929293
1784	0.107309942
1786	0.107309942
1788	0.092929293
1789	0.082539683
1791	0.120467836
1793	0.08625731
1794	0.083625731
1795	0.099415205
1796	0.128362573
1797	0.085137085
1798	0.112573099
1799	0.094152047
1802	0.141520468
1803	0.083625731
1805	0.080994152
1806	0.118903319
1808	0.100721501
1810	0.125730994
1811	0.16046176
1812	0.194152047
1813	0.131890332
1814	0.173099415
1815	0.188888889
1816	0.162573099
1817	0.177160494
1818	0.128362573
1819	0.178362573
1820	0.13968254
1821	0.162573099
1822	0.112573099
1823	0.094152047
1824	0.120467836
1825	0.15994152
1826	0.117836257
1827	0.092929293
1828	0.096783626
1829	0.10994152
1830	0.181240981
1831	0.104678363
1832	0.23625731
1833	0.152669553
1834	0.207309942
1835	0.102046784
1836	0.273099415
1837	0.165204678
1838	0.219690577
1839	0.099415205
1840	0.173099415
1841	0.141520468
1842	0.134487734
1843	0.175730994
1844	0.183625731
1845	0.178362573
1846	0.162573099
1847	0.165204678
1848	0.220467836
1849	0.146783626
1850	0.117836257
1851	0.149415205
1852	0.108513709
1853	0.146783626
1854	0.138888889
1855	0.133625731
1856	0.170467836
1857	0.123099415
1858	0.112573099
1859	0.133625731
1860	0.123099415
1861	0.149415205
1862	0.196783626
1863	0.095526696
1864	0.096783626
1865	0.154678363
1866	0.133625731
1867	0.112573099
1868	0.125071225
1869	0.152046784
1870	0.154678363
1871	0.149415205
1872	0.178362573
1873	0.138888889
1874	0.175730994
1875	0.133625731
1876	0.123099415
1877	0.117836257
1878	0.124098124
1879	0.167836257
1880	0.20994152
1881	0.146783626
1882	0.126695527
1883	0.092929293
1884	0.117836257
1885	0.104678363
1886	0.124098124
1889	0.125730994
1890	0.096783626
1891	0.112573099
1892	0.115204678
1893	0.096783626
1894	0.108513709
1895	0.131890332
1896	0.15994152
1897	0.121500722
1898	0.099415205
1899	0.162573099
1900	0.112573099
1901	0.16046176
1902	0.15994152
1903	0.115204678
1904	0.131890332
1905	0.175730994
1906	0.123099415
1907	0.095526696
1908	0.131890332
1909	0.112573099
1910	0.102046784
1911	0.115204678
1912	0.142279942
1913	0.157309942
1914	0.133625731
1915	0.112573099
1916	0.096783626
1917	0.096783626
1918	0.133625731
1919	0.102046784
1920	0.102046784
1921	0.107309942
1922	0.13625731
1923	0.107309942
1924	0.112573099
1925	0.141520468
1926	0.104678363
1927	0.113708514
1928	0.091520468
1929	0.112573099
1930	0.094152047
1931	0.095526696
1932	0.107309942
1933	0.125730994
1934	0.121500722
1935	0.133625731
1936	0.105916306
1938	0.08625731
1939	0.078362573
1940	0.144152047
1941	0.092929293
1942	0.107309942
1943	0.088888889
1944	0.099415205
1945	0.115204678
1946	0.091520468
1947	0.080994152
1948	0.117836257
1949	0.128362573
1950	0.104678363
1951	0.08625731
1952	0.098074074
1953	0.085137085
1954	0.111111111
1955	0.08625731
1956	0.077344877
1957	0.10968661
1958	0.102046784
1959	0.123099415
1960	0.083625731
1961	0.088888889
1962	0.104678363
1963	0.112573099
1964	0.098124098
1965	0.125730994
1966	0.124098124
1967	0.087734488
1968	0.099415205
1969	0.146783626
1970	0.212573099
1971	0.121500722
1972	0.196783626
1973	0.130994152
1974	0.175730994
1975	0.108513709
1976	0.112573099
1977	0.096783626
1978	0.10994152
1979	0.157309942
1980	0.091520468
1981	0.096783626
1982	0.083625731
1983	0.099415205
1984	0.112573099
1985	0.094301994
1986	0.078362573
1987	0.09033189
1988	0.099415205
1989	0.083625731
1990	0.091520468
1991	0.075730994
1992	0.123099415
1993	0.098124098
1994	0.120467836
1995	0.085137085
1996	0.08625731
1997	0.080994152
1998	0.08625731
1999	0.104678363
2000	0.104678363
2001	0.091520468
2002	0.118903319
2003	0.080994152
2004	0.085137085
2005	0.124098124
2006	0.112573099
2007	0.092929293
2008	0.088888889
2009	0.102046784
2010	0.083625731
2011	0.074747475
2012	0.102046784
2013	0.23625731
2014	0.157309942
2015	0.103318903
2016	0.147474747
2017	0.075730994
2018	0.117836257
2019	0.128362573
2020	0.089173789
2021	0.118903319
2022	0.152046784
2023	0.103318903
2024	0.095526696
2025	0.09033189
2026	0.099415205
2027	0.096783626
2028	0.085137085
2029	0.086609687
2030	0.126695527
2031	0.098074074
2032	0.099415205
2033	0.095925926
2034	0.123099415
2035	0.082539683
2036	0.114814815
2037	0.075730994
2038	0.075730994
2039	0.086609687
2040	0.08625731
2041	0.157309942
2042	0.107309942
2043	0.15994152
2044	0.09033189
2045	0.080994152
2046	0.162573099
2047	0.105916306
2048	0.080994152
2049	0.07994228
2050	0.099415205
2051	0.115204678
2052	0.149415205
2053	0.078362573
2054	0.154678363
2055	0.075730994
2056	0.07994228
2057	0.080994152
2058	0.126695527
2059	0.117836257
2060	0.116305916
2061	0.088888889
2062	0.103318903
2063	0.096783626
2064	0.112573099
2065	0.098124098
2066	0.100740741
2067	0.087734488
2068	0.130994152
2069	0.091520468
2070	0.082539683
2071	0.112573099
2072	0.07994228
2073	0.102046784
2074	0.080994152
2075	0.113708514
2076	0.080994152
2077	0.077344877
2078	0.078362573
2079	0.080994152
2080	0.083625731
2081	0.112573099
2082	0.073099415
2083	0.144152047
2084	0.13625731
2085	0.107309942
2086	0.07994228
2087	0.078362573
2088	0.086609687
2090	0.125730994
2091	0.092929293
2093	0.146783626
2094	0.215007215
2095	0.241520468
2096	0.212573099
2097	0.20981241
2098	0.152046784
2099	0.212573099
2100	0.191630592
2101	0.165656566
2102	0.254678363
2103	0.170467836
2104	0.147474747
2105	0.225730994
2106	0.217836257
2107	0.18625731
2108	0.272150072
2109	0.22020202
2110	0.147474747
2111	0.189033189
2112	0.168253968
2113	0.202160494
2114	0.167836257
2115	0.202046784
2116	0.270467836
2117	0.196825397
2118	0.173448773
2119	0.194152047
2120	0.134487734
2121	0.312573099
2122	0.131890332
2123	0.176046176
2124	0.202046784
2125	0.199415205
2126	0.183625731
2127	0.191520468
2128	0.165204678
2129	0.125730994
2130	0.15007215
2131	0.165204678
2132	0.141520468
2133	0.173099415
2134	0.202046784
2135	0.095407407
2136	0.173099415
2137	0.091520468
2138	0.149415205
2139	0.078362573
2140	0.088888889
2141	0.133625731
2142	0.165204678
2143	0.215204678
2144	0.194152047
2145	0.176046176
2146	0.10994152
2147	0.111111111
2148	0.115204678
2149	0.099415205
2150	0.178362573
2151	0.107122507
2152	0.154678363
2153	0.228362573
2154	0.157309942
2155	0.207309942
2156	0.115204678
2157	0.104678363
2158	0.246783626
2159	0.116305916
2160	0.199415205
2161	0.117836257
2162	0.098124098
2163	0.107309942
2164	0.091520468
2165	0.130994152
2166	0.134487734
2167	0.175730994
2168	0.252046784
2169	0.207215007
2170	0.256565657
2171	0.152046784
2172	0.199415205
2173	0.240981241
2174	0.238383838
2175	0.25994152
2176	0.189033189
2177	0.13625731
2178	0.175730994
2179	0.220467836
2180	0.23625731
2181	0.204678363
2182	0.246783626
2183	0.154678363
2184	0.120467836
2185	0.173099415
2186	0.302046784
2187	0.183625731
2188	0.183625731
2189	0.265204678
2190	0.215204678
2191	0.238383838
2192	0.149415205
2193	0.249415205
2194	0.170467836
2195	0.18625731
2196	0.251370851
2197	0.23625731
2198	0.142279942
2199	0.215204678
2200	0.123099415
2201	0.131890332
2202	0.170467836
2203	0.175730994
2204	0.303318903
2205	0.207309942
2206	0.18625731
2207	0.20994152
2208	0.233625731
2209	0.18625731
2210	0.120467836
2211	0.104678363
2212	0.249415205
2213	0.270467836
2214	0.252046784
2215	0.23625731
2216	0.149415205
2217	0.243578644
2218	0.094152047
2219	0.102046784
2220	0.117836257
2221	0.181240981
2222	0.098124098
2223	0.095526696
2224	0.125730994
2225	0.180994152
2226	0.120467836
2227	0.144152047
2228	0.141520468
2229	0.137891738
2230	0.152669553
2231	0.244152047
2232	0.207215007
2233	0.152046784
2234	0.123099415
2235	0.154678363
2236	0.134487734
2237	0.230994152
2238	0.15994152
2239	0.128362573
2240	0.115204678
2241	0.120467836
2242	0.207309942
2243	0.13625731
2244	0.092929293
2245	0.075730994
2246	0.186435786
2247	0.149415205
2248	0.152046784
2249	0.095526696
2250	0.154678363
2251	0.141520468
2252	0.23625731
2253	0.215204678
2254	0.202020202
2255	0.212409812
2256	0.173448773
2257	0.120467836
2258	0.191630592
2259	0.215204678
2260	0.183838384
2261	0.10994152
2262	0.163059163
2263	0.176353276
2264	0.111111111
2265	0.154678363
2266	0.153276353
2267	0.138888889
2268	0.149415205
2269	0.098074074
2270	0.103318903
2271	0.146783626
2272	0.131890332
2273	0.13625731
2274	0.107309942
2275	0.118903319
2276	0.199415205
2277	0.144152047
2278	0.156399437
2279	0.149415205
2280	0.181240981
2281	0.173448773
2282	0.111111111
2283	0.120467836
2284	0.16046176
2285	0.165656566
2286	0.157864358
2287	0.183625731
2288	0.134487734
2289	0.191520468
2290	0.170851371
2291	0.175730994
2292	0.223099415
2293	0.181240981
2294	0.113708514
2295	0.170467836
2296	0.094152047
2297	0.105916306
2298	0.18625731
2299	0.117836257
2300	0.09033189
2301	0.194227994
2302	0.125730994
2303	0.134487734
2304	0.130994152
2305	0.074747475
2306	0.130994152
2307	0.165656566
2308	0.117836257
2309	0.15007215
2312	0.094152047
2313	0.152046784
2314	0.170467836
2315	0.175730994
2316	0.144152047
2317	0.120467836
2318	0.175730994
2319	0.188888889
2320	0.173448773
2321	0.181240981
2322	0.120467836
2323	0.15994152
2324	0.230994152
2325	0.120467836
2326	0.13625731
2327	0.137085137
2328	0.100721501
2329	0.168253968
2330	0.167836257
2331	0.25994152
2332	0.08625731
2333	0.202046784
2334	0.173099415
2335	0.173448773
2336	0.15994152
2337	0.112250712
2338	0.170467836
2339	0.15007215
2340	0.163059163
2341	0.155266955
2342	0.170851371
2343	0.173448773
2344	0.173099415
2345	0.149415205
2346	0.117836257
2347	0.121500722
2348	0.143407407
2349	0.128362573
2350	0.117836257
2368	0.078362573
2369	0.078362573
2370	0.091520468
2371	0.07994228
2372	0.099415205
2373	0.096783626
2374	0.102046784
2375	0.112573099
2376	0.077344877
2377	0.10994152
2378	0.087407407
2379	0.080994152
2380	0.100740741
2381	0.102046784
2382	0.096783626
2383	0.120467836
2384	0.112573099
2385	0.087734488
2386	0.131890332
2387	0.104678363
2388	0.083625731
2389	0.088888889
2390	0.083625731
2391	0.173099415
2392	0.07994228
2393	0.086609687
2394	0.094152047
2395	0.196783626
2396	0.07994228
2397	0.099415205
2398	0.10994152
2399	0.111111111
2400	0.07994228
2401	0.112573099
2402	0.105916306
2403	0.104678363
2404	0.091737892
2405	0.085137085
2406	0.104558405
2407	0.083625731
2408	0.088888889
2409	0.152046784
2410	0.09033189
2411	0.096783626
2412	0.082539683
2413	0.098124098
2414	0.118903319
2415	0.124098124
2416	0.078362573
2417	0.091520468
2418	0.085137085
2419	0.075730994
2420	0.083625731
2421	0.094152047
2422	0.075730994
2423	0.09033189
2424	0.080994152
2425	0.085513361
2426	0.154678363
2427	0.120467836
2428	0.075730994
2429	0.084740741
2430	0.103318903
2431	0.078917379
2432	0.113708514
2433	0.087734488
2434	0.078362573
2435	0.073789174
2436	0.086609687
2437	0.083625731
2438	0.087734488
2439	0.07994228
2440	0.078917379
2441	0.112573099
2442	0.117378917
2443	0.07994228
2444	0.10994152
2445	0.095526696
2446	0.08625731
2447	0.078362573
2448	0.111111111
2449	0.102046784
2450	0.080994152
2451	0.091520468
2452	0.07994228
2453	0.098124098
2454	0.103318903
2455	0.125730994
2456	0.103318903
2457	0.112573099
2458	0.104678363
2459	0.126695527
2460	0.13019943
2461	0.087734488
2462	0.082539683
2463	0.08625731
2464	0.091520468
2465	0.175730994
2466	0.126695527
2467	0.09033189
2468	0.126695527
2469	0.138888889
2470	0.095407407
2471	0.077344877
2472	0.083625731
2473	0.107309942
2474	0.088888889
2475	0.11994302
2476	0.07994228
2477	0.101994302
2478	0.13968254
2479	0.08625731
2480	0.115204678
2481	0.078362573
2482	0.10994152
2483	0.107309942
2484	0.09033189
2485	0.124098124
2486	0.095526696
2486.1	0.098124098
2487	0.112573099
2488	0.098124098
2489	0.080994152
2490	0.088888889
2491	0.096783626
2492	0.117836257
2493	0.084045584
2494	0.086609687
2495	0.091520468
2496	0.088888889
2497	0.102046784
2498	0.08625731
2499	0.096783626
2500	0.124098124
2501	0.091520468
2502	0.096783626
2503	0.120467836
2504	0.107309942
2505	0.085137085
2506	0.098124098
2507	0.120467836
2508	0.112573099
2509	0.077344877
2510	0.099415205
2511	0.096783626
2512	0.073099415
2513	0.078362573
2514	0.075730994
2515	0.095526696
2516	0.091520468
2517	0.080994152
2518	0.096783626
2519	0.099415205
2520	0.128362573
2521	0.091520468
2522	0.099415205
2523	0.098124098
2524	0.092929293
2525	0.099415205
2526	0.120467836
2527	0.092929293
2528	0.092929293
2529	0.08625731
2530	0.075730994
2531	0.10994152
2532	0.094152047
2533	0.077344877
2534	0.077344877
2535	0.085137085
2536	0.09033189
2537	0.078362573
2538	0.099415205
2539	0.088888889
2540	0.134487734
2541	0.103318903
2542	0.09033189
2543	0.091520468
2544	0.075730994
2545	0.08625731
2546	0.094152047
2547	0.07994228
2548	0.091520468
2549	0.088888889
2550	0.103318903
2551	0.120467836
2552	0.078362573
2553	0.085513361
2554	0.083625731
2555	0.100740741
2556	0.133625731
2557	0.087734488
2558	0.091520468
2559	0.120467836
2560	0.096783626
2561	0.104678363
2562	0.094301994
2563	0.088888889
2564	0.08625731
2565	0.078362573
2566	0.100721501
2567	0.108513709
2568	0.091520468
2569	0.080994152
2570	0.080994152
2571	0.095526696
2572	0.08625731
2573	0.09033189
2574	0.085137085
2575	0.092929293
2576	0.092929293
2577	0.088888889
2578	0.104678363
2579	0.096783626
2580	0.091520468
2581	0.081481481
2582	0.08625731
2583	0.073099415
2584	0.105916306
2585	0.07994228
2586	0.07994228
2587	0.105916306
2588	0.123099415
2589	0.098124098
2590	0.088888889
2591	0.074747475
2592	0.095526696
2593	0.098124098
2594	0.094301994
2595	0.107309942
2596	0.094152047
2597	0.088888889
2598	0.082539683
2599	0.107309942
2600	0.091520468
2601	0.09033189
2602	0.073099415
2603	0.087734488
2604	0.10994152
2605	0.115204678
2606	0.104558405
2607	0.080994152
2608	0.075730994
2609	0.125730994
2610	0.091520468
2611	0.078362573
2612	0.091520468
2613	0.096783626
2614	0.08625731
2614.1	0.083625731
2614.2	0.08625731
2615	0.126695527
2616	0.098124098
2617	0.08625731
2618	0.125730994
2619	0.125730994
2620	0.091520468
2621	0.100721501
2622	0.125071225
2623	0.102046784
2624	0.102046784
2625	0.116305916
2626	0.152046784
2627	0.08625731
2628	0.087734488
2628.1	0.092929293
2629	0.078362573
2630	0.123099415
2631	0.098124098
2632	0.080994152
2633	0.094152047
2634	0.102046784
2635	0.09033189
2636	0.100721501
2637	0.096783626
2638	0.102046784
2639	0.088888889
2640	0.094152047
2641	0.100721501
2642	0.078362573
2643	0.112573099
2644	0.096783626
2645	0.078362573
2646	0.103318903
2647	0.091520468
2648	0.096783626
2649	0.115204678
2650	0.10968661
2651	0.077344877
2652	0.146783626
2653	0.07994228
2654	0.142279942
2655	0.113708514
2656	0.077344877
2657	0.087734488
2658	0.080994152
2659	0.07994228
2660	0.080994152
2661	0.094152047
2662	0.088888889
2663	0.094152047
2664	0.098124098
2665	0.085137085
2666	0.096783626
2667	0.125730994
2668	0.088888889
2669	0.133625731
2670	0.073099415
2671	0.096783626
2672	0.091520468
2673	0.083625731
2674	0.08625731
2675	0.091520468
2676	0.08625731
2677	0.125071225
2678	0.094152047
2679	0.118903319
2680	0.099430199
2681	0.123099415
2682	0.115204678
2683	0.123099415
2684	0.09033189
2685	0.128362573
2686	0.149415205
2687	0.131890332
2688	0.098124098
2689	0.152046784
2690	0.088888889
2691	0.115204678
2692	0.157309942
2693	0.086609687
2694	0.080994152
2695	0.105916306
2696	0.074747475
2697	0.099415205
2697.1	0.099415205
2698	0.126695527
2699	0.085137085
2700	0.096783626
2701	0.075730994
2702	0.102046784
2703	0.083625731
2704	0.080994152
2705	0.078362573
2706	0.082539683
2707	0.094152047
2708	0.091520468
2709	0.095526696
2710	0.096783626
2711	0.099415205
2712	0.095526696
2713	0.078362573
2714	0.10994152
2715	0.094152047
2716	0.084045584
2717	0.096783626
2718	0.08625731
2719	0.130994152
2720	0.100721501
2721	0.08625731
2722	0.115204678
2723	0.121500722
2724	0.133625731
2725	0.108513709
2726	0.120467836
2727	0.113708514
2728	0.082539683
2729	0.094301994
2730	0.096783626
2731	0.095526696
2732	0.077344877
2733	0.082539683
2734	0.085137085
2735	0.08625731
2736	0.107122507
2737	0.078362573
2738	0.087734488
2739	0.078362573
2740	0.080994152
2741	0.077344877
2742	0.127635328
2743	0.081481481
2743.1	0.089173789
2744	0.08625731
2745	0.104558405
2746	0.091520468
2747	0.085137085
2748	0.120467836
2749	0.115204678
2750	0.094152047
2751	0.083625731
2752	0.132763533
2753	0.077344877
2754	0.15994152
2755	0.123099415
2756	0.085513361
2757	0.091520468
2758	0.096783626
2759	0.112573099
2760	0.09033189
2761	0.095526696
2762	0.117836257
2763	0.128362573
2764	0.078362573
2765	0.100721501
2766	0.10994152
2767	0.105766526
2768	0.082539683
2769	0.117836257
2770	0.116305916
2771	0.157864358
2772	0.09033189
2773	0.094152047
2774	0.10994152
2775	0.091520468
2776	0.120467836
2777	0.092929293
2778	0.087734488
2779	0.10994152
2780	0.117836257
2781	0.088888889
2782	0.102046784
2783	0.133625731
2784	0.107122507
2785	0.100721501
2786	0.126695527
2787	0.094301994
2788	0.094152047
2789	0.072150072
2790	0.113708514
2791	0.092929293
2792	0.107122507
2793	0.083625731
2794	0.073789174
2795	0.08625731
2796	0.094152047
2797	0.080994152
2798	0.111111111
2799	0.105916306
2800	0.098124098
2801	0.083625731
2802	0.088888889
2802.1	0.091520468
2803	0.091520468
2804	0.091520468
2805	0.07994228
2806	0.105916306
2807	0.113708514
2808	0.096783626
2809	0.116305916
2810	0.077344877
2811	0.091520468
2812	0.099415205
2813	0.095526696
2814	0.08625731
2815	0.102046784
2816	0.087734488
2817	0.095526696
2818	0.162573099
2819	0.112573099
2820	0.080994152
2821	0.113708514
2822	0.095526696
2823	0.102046784
2824	0.091520468
2825	0.099415205
2826	0.091520468
2827	0.095526696
2828	0.129292929
2829	0.087734488
2830	0.104678363
2831	0.096783626
2832	0.10994152
2833	0.088888889
2834	0.087407407
2835	0.149415205
2836	0.10994152
2837	0.115204678
2838	0.075730994
2839	0.086609687
2840	0.094152047
2841	0.141520468
2842	0.07994228
2843	0.075730994
2844	0.088888889
2845	0.117836257
2846	0.077344877
2847	0.100703235
2848	0.085137085
2849	0.080994152
2850	0.075730994
2851	0.085513361
2852	0.116305916
2853	0.107309942
2854	0.083625731
2855	0.13019943
2856	0.099430199
2857	0.098124098
2858	0.144152047
2859	0.074747475
2860	0.088888889
2861	0.111111111
2861.1	0.103318903
2862	0.09033189
2863	0.121500722
2864	0.107309942
2865	0.092929293
2866	0.078362573
2867	0.091520468
2868	0.078362573
2869	0.095526696
2870	0.104678363
2871	0.103318903
2872	0.088888889
2873	0.094152047
2874	0.091520468
2875	0.091520468
2876	0.108513709
2877	0.075730994
2878	0.088888889
2879	0.107309942
2880	0.123099415
2881	0.096783626
2882	0.099415205
2883	0.094152047
2884	0.099415205
2885	0.08625731
2886	0.077344877
2887	0.088888889
2888	0.09033189
2889	0.089173789
2890	0.088888889
2891	0.078917379
2892	0.094152047
2893	0.143019943
2894	0.080994152
2895	0.09033189
2896	0.077344877
2897	0.131890332
2898	0.099415205
2899	0.095526696
2900	0.096783626
2901	0.080994152
2902	0.074747475
2903	0.078362573
2904	0.07994228
2905	0.092929293
2906	0.129292929
2907	0.088888889
2908	0.104678363
2909	0.076353276
2910	0.074747475
2911	0.096866097
2912	0.08625731
2913	0.082539683
2914	0.102046784
2915	0.121500722
2916	0.078362573
2917	0.107309942
2918	0.09033189
2919	0.087734488
2920	0.084045584
2921	0.082539683
2922	0.108513709
2923	0.087734488
2924	0.077344877
2925	0.07994228
2926	0.115204678
2927	0.094152047
2928	0.099415205
2929	0.074747475
2930	0.103318903
2931	0.115204678
2932	0.077344877
2933	0.082539683
2934	0.105916306
2935	0.078362573
2936	0.100721501
2937	0.107309942
2938	0.088888889
2939	0.087734488
2940	0.091520468
2941	0.088888889
2942	0.108513709
2943	0.09033189
2944	0.08625731
2945	0.087734488
2946	0.15007215
2947	0.099415205
2948	0.091520468
2949	0.120467836
2950	0.107309942
2951	0.144152047
2952	0.101994302
2953	0.08625731
2954	0.075730994
2955	0.106074074
2956	0.096783626
2957	0.080994152
2958	0.075730994
2959	0.072150072
2960	0.085137085
2961	0.096783626
2962	0.072150072
2963	0.078362573
2964	0.134487734
2965	0.08625731
2966	0.091520468
2967	0.108513709
2968	0.107309942
2969	0.107309942
2970	0.096783626
2971	0.091520468
2972	0.088888889
2973	0.087734488
2974	0.107309942
2975	0.096783626
2976	0.118903319
2977	0.075730994
2978	0.100721501
2979	0.080994152
2980	0.096783626
2981	0.10994152
2982	0.087734488
2983	0.075730994
2984	0.091520468
2985	0.102046784
2985.1	0.107309942
2986	0.091520468
2987	0.088888889
2988	0.104678363
2989	0.098124098
2990	0.083625731
2991	0.078917379
2992	0.096783626
2993	0.10994152
2994	0.096783626
2995	0.078362573
2996	0.094152047
2997	0.130994152
2998	0.082981716
2998.1	0.088045007
2999	0.078917379
3000	0.096783626
3001	0.141520468
3002	0.080994152
3003	0.080994152
3004	0.083625731
3005	0.07994228
3006	0.090576653
3007	0.091520468
3008	0.099415205
3009	0.123099415
3010	0.088888889
3011	0.117836257
3012	0.094152047
3013	0.08625731
3014	0.102046784
3015	0.094152047
3016	0.111111111
3017	0.074747475
3018	0.077344877
3019	0.091520468
3020	0.087734488
3021	0.094152047
3022	0.098124098
3023	0.104558405
3024	0.078362573
3025	0.075730994
3026	0.083625731
3027	0.074747475
3028	0.078362573
3029	0.089173789
3030	0.102046784
3031	0.095526696
3032	0.121500722
3033	0.091520468
3034	0.113708514
3035	0.142279942
3036	0.131890332
3037	0.127635328
3038	0.143019943
3039	0.196825397
3040	0.125730994
3041	0.152669553
3042	0.194152047
3043	0.13625731
3044	0.152669553
3045	0.112573099
3046	0.113708514
3047	0.094152047
3048	0.115204678
3049	0.114814815
3050	0.152046784
3051	0.107309942
3052	0.113708514
3053	0.09033189
3054	0.095526696
3055	0.088888889
3056	0.146783626
3057	0.137085137
3058	0.09033189
3059	0.088888889
3060	0.107309942
3061	0.138888889
3062	0.125730994
3063	0.123099415
3064	0.078917379
3065	0.129292929
3066	0.088888889
3067	0.088888889
3068	0.120467836
3069	0.13625731
3070	0.100721501
3071	0.08625731
3072	0.117836257
3073	0.095526696
3074	0.10968661
3075	0.07994228
3076	0.092929293
3077	0.099415205
3078	0.091520468
3079	0.099415205
3080	0.104678363
3081	0.111111111
3082	0.07994228
3083	0.095526696
3084	0.092929293
3085	0.083625731
3086	0.08625731
3087	0.094152047
3088	0.078362573
3089	0.09033189
3090	0.07994228
3091	0.124098124
3092	0.096783626
3093	0.157864358
3094	0.099415205
3095	0.141520468
3096	0.07994228
3097	0.083625731
3098	0.115204678
3099	0.102046784
3100	0.088888889
3101	0.120467836
3102	0.08625731
3103	0.088888889
3104	0.083625731
3105	0.077344877
3106	0.099415205
3107	0.107309942
3108	0.075730994
3109	0.096783626
3110	0.077344877
3111	0.104678363
3112	0.107309942
3113	0.078362573
3114	0.07994228
3115	0.115204678
3116	0.07994228
3117	0.088888889
3118	0.107309942
3119	0.09033189
3120	0.08625731
3121	0.123099415
3122	0.09033189
3123	0.094152047
3124	0.125730994
3125	0.141520468
3126	0.146783626
3127	0.08625731
3128	0.095526696
3129	0.10994152
3130	0.09033189
3131	0.083625731
3132	0.112573099
3133	0.08625731
3134	0.11994302
3135	0.092929293
3136	0.128362573
3137	0.095526696
3138	0.088888889
3139	0.099415205
3140	0.107122507
3141	0.091520468
3142	0.08625731
3143	0.083625731
3144	0.099415205
3145	0.120467836
3146	0.078362573
3147	0.103318903
3148	0.091520468
3149	0.102046784
3150	0.117836257
3151	0.077344877
3152	0.112573099
3153	0.13625731
3154	0.113708514
3155	0.104558405
3156	0.085137085
3157	0.088888889
3158	0.094152047
3159	0.096783626
3160	0.074747475
3161	0.091520468
3162	0.075730994
3163	0.133625731
3164	0.134487734
3165	0.080994152
3166	0.087734488
3167	0.080994152
3168	0.078362573
3169	0.100721501
3170	0.105916306
3171	0.099415205
3172	0.083625731
3173	0.075730994
3174	0.105916306
3175	0.087734488
3176	0.099415205
3177	0.122507123
3178	0.115204678
3179	0.120467836
3180	0.096783626
3181	0.099415205
3182	0.078362573
3183	0.102046784
3184	0.087734488
3185	0.095526696
3186	0.094152047
3187	0.102046784
3188	0.126695527
3189	0.09033189
3190	0.092929293
3191	0.08625731
3192	0.102046784
3193	0.102046784
3194	0.10994152
3195	0.107309942
3196	0.146783626
3197	0.083625731
3198	0.073789174
3199	0.104678363
3200	0.085137085
3201	0.099415205
3202	0.105916306
3203	0.092929293
3204	0.078362573
3205	0.082981716
3206	0.078362573
3207	0.080994152
3208	0.085137085
3209	0.111111111
3210	0.088888889
3211	0.088888889
3212	0.099415205
3213	0.154678363
3214	0.141520468
3215	0.099415205
3216	0.125730994
3217	0.092929293
3218	0.103318903
3219	0.103318903
3220	0.115204678
3224	0.154678363
3226	0.080994152
3228	0.094152047
3229	0.13625731
3231	0.088888889
3235	0.090074074
3238	0.10968661
3241	0.121500722
3244	0.085137085
3246	0.128362573
3249	0.074747475
3251	0.080994152
3252	0.088888889
3254	0.085137085
3256	0.077344877
3257	0.082539683
3259	0.090576653
3261	0.120467836
3262	0.115204678
3264	0.103318903
3265	0.078362573
3267	0.141520468
3269	0.083625731
3271	0.075730994
3273	0.108513709
3275	0.091520468
3277	0.080994152
3279	0.117836257
3282	0.141520468
3283	0.075730994
3285	0.088888889
3287	0.085137085
3290	0.099415205
3292	0.078362573
3294	0.112573099
3296	0.117836257
3298	0.111111111
3304	0.108513709
3306	0.084045584
3308	0.115204678
3311	0.131890332
3313	0.07994228
3315	0.120467836
3316	0.092929293
3317	0.087734488
3319	0.094152047
3320	0.078917379
3321	0.099415205
3322	0.096783626
3325	0.104678363
3328	0.084740741
3334	0.078362573
3337	0.096783626
3338	0.107309942
3340	0.088888889
3341	0.088888889
3342	0.096783626
3343	0.078362573
3345	0.100721501
3347	0.117836257
3348	0.115204678
3349	0.091520468
3350	0.105916306
3351	0.10994152
3352	0.157309942
3353	0.117836257
3354	0.096783626
3355	0.108513709
3356	0.083625731
3357	0.120467836
3358	0.096783626
3358.1	0.094152047
3358.2	0.083625731
3359	0.105916306
3360	0.087734488
3361	0.085137085
3362	0.088888889
3362.1	0.091520468
3363	0.104678363
3364	0.085137085
3365	0.102046784
3366	0.078362573
3367	0.085137085
3368	0.100721501
3369	0.112573099
3370	0.09033189
3371	0.096783626
3372	0.088888889
3373	0.099415205
3374	0.141520468
3375	0.124098124
3376	0.13625731
3376.1	0.130994152
3377	0.123099415
3378	0.102046784
3379	0.10994152
3380	0.118903319
3381	0.10994152
3382	0.115204678
3383	0.083625731
3384	0.096783626
3385	0.099415205
3386	0.094152047
3387	0.100721501
3388	0.115204678
3389	0.10994152
3390	0.078362573
3391	0.080994152
3392	0.09033189
3393	0.103318903
3394	0.094152047
3395	0.083625731
3396	0.08625731
3397	0.091520468
3398	0.091520468
3399	0.115204678
3400	0.080994152
3401	0.085137085
3402	0.112573099
3403	0.088888889
3404	0.083625731
3405	0.096783626
3405.1	0.102046784
3406	0.096783626
3407	0.117836257
3408	0.083625731
3409	0.08625731
3410	0.107309942
3411	0.091520468
3412	0.10994152
3413	0.088888889
3414	0.102046784
3415	0.08625731
3416	0.104678363
3417	0.08625731
3418	0.113708514
3419	0.099365079
3420	0.117836257
3421	0.123099415
3422	0.131890332
3423	0.158404558
3424	0.08625731
3425	0.104678363
3426	0.091520468
3427	0.099415205
3428	0.130994152
3429	0.092929293
3430	0.092929293
3431	0.102046784
3432	0.083625731
3433	0.086609687
3434	0.088888889
3435	0.105916306
3436	0.080994152
3437	0.103318903
3438	0.118903319
3439	0.096783626
3440	0.098124098
3441	0.078362573
3442	0.094152047
3443	0.120467836
3444	0.138888889
3445	0.119407407
3446	0.083625731
3447	0.112573099
3448	0.088888889
3449	0.08625731
3450	0.10994152
3451	0.083625731
3452	0.121500722
3453	0.154678363
3454	0.104678363
3455	0.102046784
3456	0.096783626
3457	0.099415205
3458	0.08625731
3459	0.088888889
3460	0.094152047
3461	0.078917379
3462	0.075730994
3463	0.099415205
3464	0.088888889
3465	0.091520468
3466	0.094152047
3467	0.104678363
3468	0.107309942
3469	0.096783626
3470	0.08625731
3471	0.085137085
3472	0.100721501
3473	0.075730994
3474	0.100721501
3475	0.078362573
3476	0.099415205
3477	0.076353276
3478	0.123099415
3479	0.128362573
3480	0.07994228
3481	0.13019943
3482	0.083625731
3482.1	0.088888889
3483	0.099415205
3484	0.130994152
3485	0.087734488
3486	0.087734488
3487	0.107309942
3488	0.082539683
3489	0.096783626
3490	0.100721501
3491	0.099415205
3492	0.096783626
3493	0.078362573
3493.1	0.075730994
3494	0.091520468
3495	0.088888889
3496	0.100721501
3497	0.095526696
3498	0.092929293
3499	0.088888889
3500	0.104678363
3501	0.091520468
3502	0.107309942
3503	0.107309942
3504	0.102046784
3505	0.088888889
3506	0.111111111
3507	0.088888889
3508	0.094152047
3509	0.141520468
3510	0.107309942
3511	0.107309942
3512	0.104678363
3513	0.120467836
3514	0.096783626
3515	0.107309942
3516	0.127635328
3517	0.08625731
3518	0.102046784
3519	0.094152047
3520	0.13625731
3521	0.08625731
3522	0.094301994
3523	0.083625731
3524	0.092929293
3525	0.155266955
3526	0.10994152
3527	0.099415205
3528	0.087734488
3529	0.117836257
3530	0.128362573
3531	0.105916306
3532	0.128362573
3533	0.088888889
3534	0.117836257
3535	0.107122507
3536	0.098124098
3537	0.092929293
3537.1	0.087734488
3538	0.088888889
3539	0.100721501
3540	0.118903319
3541	0.08625731
3542	0.110829817
3543	0.099415205
3544	0.094152047
3545	0.078362573
3546	0.112573099
3547	0.091520468
3548	0.091520468
3549	0.096783626
3550	0.082539683
3551	0.098124098
3552	0.095526696
3553	0.083625731
3554	0.107309942
3555	0.10994152
3556	0.102046784
3557	0.088888889
3558	0.09033189
3559	0.078362573
3560	0.123099415
3561	0.138888889
3562	0.10994152
3563	0.08625731
3564	0.152046784
3565	0.115204678
3566	0.102046784
3567	0.095526696
3568	0.104678363
3569	0.117836257
3570	0.162573099
3571	0.099430199
3572	0.152046784
3573	0.10994152
3574	0.083625731
3575	0.112573099
3576	0.104678363
3577	0.074747475
3578	0.087734488
3579	0.091520468
3580	0.099415205
3581	0.133625731
3582	0.091520468
3583	0.085137085
3584	0.087734488
3585	0.107309942
3586	0.152046784
3587	0.102046784
3588	0.078362573
3589	0.111111111
3590	0.081481481
3591	0.14045584
3592	0.111111111
3593	0.099415205
3594	0.141520468
3595	0.105916306
3596	0.10994152
3597	0.075730994
3598	0.108513709
3599	0.08625731
3600	0.133625731
3601	0.084045584
3602	0.111111111
3603	0.133625731
3604	0.07994228
3605	0.091520468
3606	0.112573099
3607	0.073099415
3608	0.118903319
3609	0.086609687
3610	0.072150072
3611	0.080994152
3613	0.083625731
3614	0.080994152
3615	0.123099415
3616	0.149415205
3617	0.082539683
3618	0.088888889
3619	0.108513709
3620	0.083625731
3621	0.095526696
3622	0.08625731
3623	0.104678363
3624	0.108513709
3626	0.088888889
3628	0.07994228
3629	0.10994152
3630	0.082539683
3631	0.078362573
3632	0.10994152
3633	0.072150072
3634	0.095526696
3635	0.089173789
3636	0.080994152
3637	0.099415205
3638	0.105916306
3639	0.082539683
3640	0.078362573
3641	0.113708514
3642	0.111111111
3643	0.102046784
3644	0.099415205
3645	0.104678363
3646	0.102046784
3647	0.08625731
3648	0.088888889
3649	0.157864358
3650	0.080994152
3652	0.121500722
3653	0.087734488
3654	0.098124098
3655	0.133625731
3656	0.149415205
3657	0.086609687
3658	0.098124098
3659	0.194152047
3660	0.107309942
3661	0.112573099
3663	0.091520468
3664	0.096866097
3665	0.126695527
3666	0.235786436
3667	0.121500722
3668	0.118903319
3669	0.078917379
3670	0.08625731
3671	0.080994152
3672	0.085137085
3673	0.102046784
3674	0.117836257
3675	0.099415205
3676	0.094152047
3677	0.165204678
3678	0.135327635
3679	0.128362573
3680	0.091520468
3681	0.178362573
3682	0.091520468
3683	0.076353276
3684	0.118903319
3685	0.095526696
3686	0.085137085
3687	0.105916306
3689	0.091737892
3690	0.08625731
3692	0.08625731
3693	0.117836257
3695	0.088888889
3696	0.112573099
3697	0.188888889
3698	0.133625731
3699	0.207309942
3700	0.134487734
3701	0.178362573
3702	0.149415205
3703	0.149415205
3704	0.178362573
3705	0.117836257
3706	0.102046784
3707	0.16046176
3708	0.141520468
3709	0.08625731
3710	0.088888889
3711	0.080994152
3712	0.087734488
3713	0.128362573
3714	0.13625731
3715	0.094152047
3716	0.138888889
3717	0.130994152
3718	0.096866097
3719	0.080994152
3720	0.120467836
3721	0.09033189
3722	0.085137085
3723	0.078362573
3724	0.141520468
3725	0.094152047
3726	0.082539683
3727	0.091520468
3728	0.152669553
3729	0.111111111
3730	0.083625731
3731	0.08625731
3732	0.10994152
3733	0.088888889
3734	0.088888889
3735	0.074747475
3736	0.095526696
3737	0.083625731
3738	0.078362573
3739	0.113708514
3740	0.08625731
3741	0.096783626
3742	0.10994152
3743	0.082539683
3744	0.121500722
3745	0.086609687
3746	0.078917379
3747	0.115204678
3748	0.087734488
3749	0.088888889
3750	0.09033189
3751	0.108513709
3752	0.094152047
3753	0.083625731
3754	0.081064163
3755	0.083625731
3756	0.094152047
3757	0.087734488
3758	0.099415205
3759	0.07994228
3760	0.078362573
3761	0.125730994
3762	0.107309942
3763	0.086609687
3764	0.078362573
3765	0.083625731
3766	0.095526696
3767	0.123099415
3768	0.078362573
3769	0.087734488
3770	0.123099415
3771	0.083625731
3772	0.116305916
3773	0.10994152
3774	0.133625731
3775	0.080994152
3776	0.08625731
3777	0.120467836
3778	0.07994228
3779	0.117836257
3780	0.102046784
3781	0.091520468
3782	0.091520468
3783	0.091520468
3784	0.116305916
3785	0.07994228
3786	0.141520468
3787	0.091520468
3788	0.094152047
3789	0.099415205
3790	0.146783626
3792	0.076353276
3793	0.083625731
3794	0.102046784
3795	0.091737892
3796	0.080994152
3797	0.074747475
3798	0.073099415
3799	0.077344877
3800	0.100721501
3801	0.162573099
3802	0.15994152
3803	0.103318903
3804	0.128362573
3805	0.149415205
3806	0.096866097
3807	0.103318903
3808	0.083625731
3809	0.152046784
3810	0.082539683
3812	0.080994152
3813	0.09033189
3814	0.126695527
3815	0.118903319
3816	0.094152047
3817	0.107309942
3818	0.131890332
3819	0.233189033
3820	0.115204678
3821	0.144877345
3822	0.09033189
3823	0.116305916
3824	0.129292929
3825	0.10994152
3826	0.104558405
3827	0.128362573
3828	0.112573099
3829	0.144152047
3830	0.138888889
3831	0.102046784
3832	0.10994152
3833	0.091520468
3834	0.107309942
3835	0.099415205
3836	0.08625731
3837	0.098124098
3838	0.111111111
3839	0.147474747
3840	0.104678363
3841	0.101994302
3842	0.133625731
3843	0.120467836
3844	0.094152047
3845	0.111111111
3846	0.094152047
3847	0.104678363
3848	0.087734488
3849	0.083625731
3850	0.15994152
3851	0.095526696
3853	0.077344877
3854	0.09033189
3855	0.088888889
3856	0.088888889
3858	0.092929293
3859	0.094152047
3860	0.130994152
3861	0.088888889
3862	0.120467836
3863	0.13019943
3864	0.10994152
3865	0.091520468
3866	0.099415205
3867	0.094152047
3868	0.091520468
3869	0.126695527
3870	0.117836257
3871	0.137085137
3872	0.091520468
3873	0.111111111
3874	0.125730994
3876	0.087734488
3877	0.128362573
3881	0.10994152
3883	0.106074074
3887	0.13625731
3888	0.088888889
3889	0.087407407
3890	0.091520468
3891	0.14045584
3892	0.112573099
3893	0.117836257
3894	0.082539683
3895	0.105916306
3896	0.124098124
3897	0.099415205
3898	0.11882716
3899	0.083625731
3900	0.083625731
3901	0.116305916
3902	0.087734488
3903	0.13625731
3904	0.128362573
3905	0.134487734
3906	0.168253968
3908	0.091520468
3909	0.088888889
3910	0.080994152
3911	0.088888889
3912	0.091520468
3913	0.117836257
3914	0.099415205
3915	0.10994152
3916	0.102046784
3917	0.094152047
3918	0.08625731
3919	0.09033189
3920	0.091520468
3921	0.13625731
3922	0.144877345
3923	0.20981241
3924	0.199415205
3925	0.13625731
3926	0.103318903
3927	0.092929293
3928	0.088888889
3929	0.087734488
3930	0.112573099
3931	0.078362573
3932	0.09033189
3933	0.102046784
3934	0.08625731
3935	0.091737892
3936	0.08625731
3937	0.087734488
3938	0.083625731
3939	0.083625731
3940	0.115204678
3941	0.099415205
3942	0.10994152
3943	0.215204678
3944	0.162573099
3945	0.144152047
3946	0.165656566
3947	0.215007215
3948	0.082539683
3949	0.082539683
3950	0.08625731
3951	0.180994152
3952	0.085137085
3953	0.170467836
3954	0.08625731
3955	0.112573099
3956	0.095526696
3958	0.115204678
3959	0.077344877
3960	0.144152047
3961	0.078362573
3963	0.092929293
3964	0.078362573
3965	0.170467836
3966	0.170467836
3967	0.105916306
3968	0.123099415
3970	0.078362573
3971	0.123099415
3972	0.08625731
3974	0.124098124
3975	0.115204678
3976	0.121500722
3977	0.096783626
3979	0.096783626
3980	0.096783626
3981	0.091520468
3982	0.091520468
3983	0.078362573
3984	0.09033189
3986	0.108513709
3987	0.138888889
3988	0.082539683
3989	0.074747475
3990	0.124098124
3992	0.100721501
3994	0.126695527
3995	0.083625731
3996	0.099415205
3997	0.099415205
3998	0.098124098
3999	0.082539683
4001	0.163059163
4002	0.088888889
4004	0.170851371
4005	0.080994152
4007	0.095526696
4009	0.100721501
4010	0.107309942
4012	0.152046784
4013	0.078362573
4014	0.101994302
4015	0.080994152
4016	0.194227994
4017	0.131890332
4018	0.144152047
4019	0.083625731
4020	0.10968661
4021	0.088888889
4022	0.163059163
4023	0.096783626
4024	0.10994152
4025	0.108513709
4027	0.072150072
4028	0.071225071
4029	0.132763533
4030	0.144152047
4031	0.104678363
4032	0.091737892
4033	0.123099415
4034	0.116305916
4035	0.078362573
4036	0.078362573
4037	0.098124098
4038	0.098124098
4039	0.085137085
4040	0.098124098
4041	0.125730994
4042	0.170467836
4043	0.08625731
4044	0.102046784
4045	0.088888889
4046	0.088888889
4047	0.099415205
4048	0.07994228
4049	0.117378917
4050	0.077344877
4051	0.08625731
4052	0.087734488
4053	0.082539683
4054	0.091520468
4055	0.103318903
4056	0.080994152
4057	0.085137085
4058	0.078362573
4059	0.10968661
4060	0.080994152
4061	0.091520468
4062	0.094152047
4063	0.096783626
4064	0.120467836
4065	0.112250712
4066	0.115204678
4067	0.094152047
4068	0.095526696
4069	0.073099415
4070	0.104678363
4071	0.111111111
4072	0.075730994
4073	0.102046784
4074	0.101994302
4075	0.085137085
4076	0.099415205
4077	0.138888889
4078	0.129292929
4079	0.25994152
4080	0.100721501
4081	0.076353276
4082	0.113708514
4083	0.082539683
4084	0.091520468
4085	0.099415205
4086	0.123099415
4087	0.096783626
4088	0.083625731
4090	0.08625731
4091	0.102046784
4092	0.102046784
4093	0.086609687
4095	0.078362573
4096	0.098124098
4097	0.144152047
4099	0.113708514
4100	0.112573099
4102	0.102046784
4103	0.104678363
4104	0.091520468
4105	0.09033189
4107	0.084045584
4108	0.112573099
4109	0.102046784
4110	0.112573099
4112	0.080994152
4114	0.107309942
4115	0.104678363
4117	0.128362573
4118	0.104678363
4119	0.123099415
4120	0.107309942
4121	0.135493827
4123	0.094152047
4124	0.148148148
4126	0.121500722
4127	0.091520468
4128	0.075730994
4129	0.081481481
4130	0.084045584
4131	0.108513709
4132	0.096783626
4133	0.117836257
4134	0.15007215
4135	0.112573099
4136	0.091520468
4137	0.091520468
4138	0.102046784
4139	0.115204678
4140	0.115204678
4141	0.112573099
4142	0.103318903
4143	0.125730994
4144	0.130994152
4145	0.165204678
4146	0.117836257
4147	0.117836257
4148	0.13625731
4149	0.152046784
4150	0.115204678
4151	0.157864358
4152	0.104678363
4153	0.10994152
4155	0.10994152
4157	0.104678363
4158	0.112573099
4159	0.131890332
4161	0.128362573
4162	0.09033189
4163	0.094152047
4165	0.112573099
4167	0.096783626
4168	0.095526696
4170	0.102046784
4171	0.117836257
4172	0.087734488
4173	0.107309942
4174	0.137891738
4175	0.07994228
4176	0.111111111
4178	0.10994152
4179	0.10994152
4181	0.083625731
4182	0.096783626
4183	0.080994152
4184	0.115204678
4186	0.123099415
4188	0.117836257
4190	0.091520468
4191	0.121500722
4193	0.152046784
4194	0.107309942
4195	0.10994152
4196	0.080994152
4197	0.141520468
4198	0.084045584
4199	0.085137085
4200	0.098124098
4201	0.105916306
4202	0.104678363
4203	0.092929293
4204	0.120467836
4205	0.142279942
4206	0.107309942
4208	0.080994152
4210	0.091520468
4212	0.134487734
4213	0.113708514
4215	0.084045584
4216	0.099415205
4217	0.094152047
4218	0.10994152
4219	0.217836257
4221	0.082539683
4222	0.178362573
4223	0.118903319
4224	0.168253968
4225	0.105916306
4226	0.133625731
4228	0.149415205
4229	0.115204678
4230	0.141520468
4231	0.173448773
4232	0.144152047
4233	0.131890332
4234	0.133625731
4235	0.092929293
4237	0.102046784
4238	0.108513709
4239	0.078362573
4240	0.102046784
4241	0.142279942
4242	0.09033189
4243	0.117836257
4244	0.091520468
4246	0.08625731
4247	0.104678363
4248	0.075730994
4249	0.15994152
4250	0.10994152
4251	0.096783626
4252	0.126695527
4253	0.108513709
4255	0.163059163
4256	0.094152047
4257	0.120467836
4258	0.107309942
4259	0.183625731
4260	0.083625731
4261	0.075730994
4262	0.107309942
4263	0.096783626
4265	0.094152047
4267	0.141520468
4268	0.142279942
4269	0.099415205
4270	0.112573099
4271	0.123099415
4272	0.09033189
4273	0.116305916
4274	0.128362573
4275	0.107309942
4276	0.094152047
4277	0.133625731
4278	0.141520468
4279	0.074747475
4280	0.075730994
4281	0.134487734
4282	0.130994152
4283	0.146783626
4284	0.116305916
4285	0.133625731
4286	0.196783626
4287	0.146783626
4288	0.131890332
4289	0.112573099
4290	0.15994152
4291	0.175730994
4292	0.101994302
4293	0.125730994
4294	0.091520468
4295	0.217836257
4296	0.178643579
4297	0.249415205
4298	0.100721501
4299	0.10994152
4300	0.130994152
4301	0.131890332
4302	0.173448773
4303	0.129292929
4304	0.125730994
4305	0.102046784
4306	0.148148148
4307	0.095526696
4308	0.10994152
4309	0.180994152
4310	0.115204678
4311	0.152046784
4312	0.149415205
4313	0.083625731
4314	0.120467836
4315	0.191520468
4316	0.175730994
4317	0.15994152
4318	0.230591631
4319	0.173099415
4320	0.157309942
4321	0.099415205
4322	0.112573099
4323	0.10994152
4324	0.077344877
4325	0.083625731
4326	0.107309942
4327	0.091520468
4328	0.108513709
4329	0.083625731
4330	0.099415205
4332	0.100721501
4333	0.092929293
4334	0.078362573
4335	0.126695527
4336	0.083625731
4337	0.102046784
4338	0.094152047
4339	0.115204678
4340	0.075730994
4341	0.129292929
4342	0.088888889
4343	0.091520468
4344	0.120467836
4345	0.113708514
4346	0.088888889
4347	0.082539683
4348	0.091520468
4349	0.094152047
4350	0.091520468
4351	0.118903319
4352	0.10994152
4353	0.115204678
4354	0.08625731
4355	0.078362573
4356	0.104678363
4357	0.128362573
4358	0.102046784
4359	0.094152047
4361	0.105916306
4362	0.092929293
4363	0.080994152
4364	0.142279942
4365	0.099415205
4366	0.083625731
4367	0.099415205
4368	0.075730994
4369	0.091520468
4370	0.123099415
4371	0.129292929
4373	0.083625731
4374	0.085137085
4375	0.116305916
4376	0.102046784
4377	0.08625731
4378	0.10994152
4379	0.099415205
4380	0.112573099
4381	0.115204678
4382	0.107309942
4383	0.104678363
4384	0.123099415
4385	0.125730994
4386	0.09033189
4387	0.104678363
4388	0.115204678
4389	0.078362573
4390	0.091520468
4391	0.080994152
4392	0.099415205
4393	0.111111111
4394	0.083625731
4395	0.117836257
4396	0.088888889
4397	0.104678363
4399	0.134487734
4400	0.134487734
4401	0.099415205
4402	0.088888889
4403	0.083625731
4404	0.130994152
4405	0.095526696
4406	0.082539683
4407	0.075730994
4409	0.082539683
4410	0.087734488
4411	0.083625731
4412	0.096783626
4413	0.088888889
4414	0.080994152
4415	0.091520468
4416	0.08625731
4417	0.099415205
4418	0.105916306
4419	0.09033189
4420	0.10994152
4421	0.115204678
4422	0.080994152
4423	0.083625731
4424	0.102046784
4425	0.104678363
4426	0.099415205
4427	0.087734488
4428	0.080994152
4429	0.096783626
4430	0.077344877
4431	0.107309942
4432	0.087734488
4433	0.123099415
4434	0.157864358
4435	0.096783626
4436	0.104678363
4437	0.075730994
4438	0.082539683
4439	0.123099415
4440	0.078362573
4441	0.117836257
4442	0.13625731
4443	0.130994152
4444	0.215204678
4445	0.123099415
4446	0.146783626
4447	0.08625731
4448	0.123099415
4449	0.089173789
4450	0.13625731
4451	0.100721501
4452	0.170467836
4453	0.170851371
4454	0.163059163
4455	0.094152047
4456	0.096783626
4457	0.167836257
4458	0.080994152
4459	0.092929293
4460	0.091520468
4461	0.131890332
4462	0.08625731
4463	0.099415205
4464	0.112573099
4466	0.103318903
4467	0.099415205
4468	0.08625731
4469	0.111111111
4470	0.087734488
4471	0.096783626
4472	0.098124098
4473	0.078362573
4474	0.116305916
4475	0.157309942
4476	0.080994152
4477	0.112573099
4478	0.09033189
4479	0.082539683
4480	0.115204678
4481	0.120467836
4482	0.102046784
4483	0.07994228
4484	0.11994302
4485	0.146783626
4486	0.098124098
4487	0.094152047
4488	0.13968254
4489	0.125730994
4490	0.138888889
4491	0.095526696
4492	0.173099415
4493	0.112573099
4494	0.104558405
4495	0.115204678
4496	0.135327635
4497	0.111111111
4498	0.128362573
4499	0.098124098
4500	0.111111111
4501	0.102046784
4502	0.121500722
4503	0.087734488
4504	0.102046784
4505	0.098124098
4506	0.173448773
4507	0.103318903
4508	0.168253968
4509	0.138888889
4510	0.128362573
4511	0.149415205
4512	0.115204678
4513	0.123099415
4514	0.105916306
4515	0.212573099
4516	0.149415205
